setwm_label	lwr_antVPD	lwr_antQ	upr_antVPD	upr_antQ	mean_antVPD	mean_antQ	wtd_meanp	pvol	tpeak	tpeak_se	NRF_peakht	NRF_peakht_se	width	width_se	rc	rc_se	rsum	rsum_se	n.nz
p<2|antVPD-0.0951-0.0932|antQ0.00876-0.1	-0.095080156	0.00875866	0.0932	0.1	0.044818186708806	0.0640221056254815	1.04357133745296	1.04357133745296	5.58598607236185	0.253700815839334	0.00567369666912493	0.000588052595152859	6.19429523385629	0.607024704859873	-0.0515640668387579	0.0070866400134415	-0.0538107821954364	0.00739541439687481	11623
p=2-4|antVPD-0.0951-0.0932|antQ0.00876-0.1	-0.095080156	0.00875866	0.0932	0.1	0.044818186708806	0.0640221056254815	3.00933386698348	3.00933386698348	4.13736378881328	0.0569820716269251	0.0414234713466166	0.00124551020258057	4.16503416882125	0.175912318795166	-0.00426890580316623	0.00607357008387761	-0.0128465628084304	0.0182774001469106	1552
p=4-6|antVPD-0.0951-0.0932|antQ0.00876-0.1	-0.095080156	0.00875866	0.0932	0.1	0.044818186708806	0.0640221056254815	4.98900120303013	4.98900120303013	3.35640945518678	0.0794702950483652	0.100844519533553	0.00517890592061082	3.21073712939283	0.10477080292009	-0.0625885482197685	0.00705906210329012	-0.312254342364335	0.0352176693255788	371
p=6-10|antVPD-0.0951-0.0932|antQ0.00876-0.1	-0.095080156	0.00875866	0.0932	0.1	0.044818186708806	0.0640221056254815	7.55750317662008	7.55750317662008	2.75041942695601	0.0478102760046896	0.20852975085715	0.00951939906872382	2.60850893932857	0.0809491276383984	-0.0672351993742916	0.00920491825561961	-0.508130232851893	0.0695661989573733	102
p<2|antVPD-0.0951-0.0932|antQ0.1-0.2	-0.095080156	0.1	0.0932	0.2	0.0442290871490138	0.147446667470031	1.05332875665855	1.05332875665855	5.29058097814241	0.177028917314526	0.017127612338589	0.000816460204207474	9.92123446322089	0.867451905209236	0.434751407156812	0.00670410466885315	0.457936159156038	0.00706162623535184	12634
p=2-4|antVPD-0.0951-0.0932|antQ0.1-0.2	-0.095080156	0.1	0.0932	0.2	0.0442290871490138	0.147446667470031	2.98405363677255	2.98405363677255	3.80818853070725	0.112305817438692	0.0804339778333702	0.00299554710336905	5.34943478201592	0.259897371312867	0.341465400912104	0.00562580221646928	1.01895107142376	0.0167876955638182	1845
p=4-6|antVPD-0.0951-0.0932|antQ0.1-0.2	-0.095080156	0.1	0.0932	0.2	0.0442290871490138	0.147446667470031	5.00693240030803	5.00693240030803	2.95186300148587	0.0335422536559895	0.22155337967579	0.0038749035721454	3.53704829550481	0.0929698008021109	0.310667157827119	0.00686015138949937	1.55548945823621	0.0343483142631026	424
p=6-10|antVPD-0.0951-0.0932|antQ0.1-0.2	-0.095080156	0.1	0.0932	0.2	0.0442290871490138	0.147446667470031	7.51736535090371	7.51736535090371	2.63393403874352	0.078894358403028	0.456195583588716	0.034515387806445	2.86963350325152	0.168210509419642	0.339364278431166	0.00814827001039265	2.55112526801288	0.0612535226459335	123
p<2|antVPD-0.0951-0.0932|antQ0.2-0.5	-0.095080156	0.2	0.0932	0.5	0.0454236486400487	0.327989699609345	1.10138043716123	1.10138043716123	4.98159883215477	0.124832265507199	0.0248760297105224	0.000509811263978683	12.9716749838549	0.722907836939752	0.661433638366198	0.00536046177201088	0.728490069776905	0.0059039077298434	19880
p=2-4|antVPD-0.0951-0.0932|antQ0.2-0.5	-0.095080156	0.2	0.0932	0.5	0.0454236486400487	0.327989699609345	3.01508184104559	3.01508184104559	3.36400058737146	0.127125275365987	0.136401897041189	0.00796435745639875	5.28805572800006	0.263894252765193	0.612750812333549	0.00428757790166275	1.84749384735281	0.0129273982733717	3544
p=4-6|antVPD-0.0951-0.0932|antQ0.2-0.5	-0.095080156	0.2	0.0932	0.5	0.0454236486400487	0.327989699609345	4.98955613443661	4.98955613443661	2.814717909538	0.0880766317878007	0.363003788740077	0.0199005008813339	3.94219600952952	0.179935750612456	0.604316726442445	0.00453994196681986	3.01527222956355	0.0226522952905322	1059
p=6-10|antVPD-0.0951-0.0932|antQ0.2-0.5	-0.095080156	0.2	0.0932	0.5	0.0454236486400487	0.327989699609345	7.42316770002952	7.42316770002952	2.65739972878897	0.141634788744321	0.686504790366447	0.0829981949851168	3.15521156070545	0.290429975913041	0.595751737297978	0.00509695684694312	4.42236505354683	0.0378355654346725	321
p<2|antVPD-0.0951-0.0932|antQ0.5-1	-0.095080156	0.5	0.0932	1	0.0450482538229473	0.702878398639725	1.14640842788503	1.14640842788503	3.7243637372631	0.15062971297522	0.0478350516184891	0.00201924273061544	9.05577571055527	0.359344502426908	0.7965122520714	0.00806299810522203	0.913128358688337	0.00924348898184755	8261
p=2-4|antVPD-0.0951-0.0932|antQ0.5-1	-0.095080156	0.5	0.0932	1	0.0450482538229473	0.702878398639725	3.02834480197052	3.02834480197052	3.06184377416181	0.177192760405481	0.22095251690312	0.0183055036936535	5.27560109199805	0.450813713941341	0.800963443401182	0.00606558702659901	2.42559348039238	0.0183686889429009	2015
p=4-6|antVPD-0.0951-0.0932|antQ0.5-1	-0.095080156	0.5	0.0932	1	0.0450482538229473	0.702878398639725	5.01179855811797	5.01179855811797	2.61726411100103	0.142850145751825	0.528321972861747	0.0531407128265348	3.71923900475792	0.383668101797735	0.815417367831598	0.00606818618494116	4.08670758836275	0.0304125267720794	709
p=6-10|antVPD-0.0951-0.0932|antQ0.5-1	-0.095080156	0.5	0.0932	1	0.0450482538229473	0.702878398639725	7.67481721212889	7.67481721212889	2.16479576493618	0.00372515650985526	1.06208856479522	0.00386843234813408	2.91881417681691	0.163637790713101	0.745578764630954	0.00636688014762215	5.72218073578744	0.0488646413445322	235
p<2|antVPD-0.0951-0.0932|antQ1-20.2	-0.095080156	1	0.0932	20.18325015	0.041415411503332	2.16362282116806	1.27315663890708	1.27315663890708	3.94772014168354	0.134747529050118	0.0716393774185903	0.00292733132836495	7.52603646812019	0.229774590250225	0.937316453812206	0.0109936026330531	1.19335066592785	0.0139965781777779	5711
p=2-4|antVPD-0.0951-0.0932|antQ1-20.2	-0.095080156	1	0.0932	20.18325015	0.041415411503332	2.16362282116806	3.10772056618485	3.10772056618485	2.74474039860365	0.143012741319019	0.299042666224776	0.021953049698275	4.99580947760732	0.360928313048447	0.705552179574641	0.00592019997175775	2.19265901898066	0.0183983272081585	2550
p=4-6|antVPD-0.0951-0.0932|antQ1-20.2	-0.095080156	1	0.0932	20.18325015	0.041415411503332	2.16362282116806	5.01518007566577	5.01518007566577	2.54312156876372	0.167749926348868	0.62048310217555	0.0691363654848856	3.77685141344828	0.419660934558324	0.799980416848732	0.00441470713719362	4.01204584750256	0.0221405512743529	1174
p=6-10|antVPD-0.0951-0.0932|antQ1-20.2	-0.095080156	1	0.0932	20.18325015	0.041415411503332	2.16362282116806	7.70011172131589	7.70011172131589	2.09814726851947	0.00186828018645771	1.34135375745352	0.00267707806095202	2.79792129572382	0.155269059939765	0.811315590320181	0.00374618579376829	6.24722068671075	0.0288460491408223	500
p<2|antVPD0.0932-2.59|antQ0.00876-0.1	0.0932	0.00875866	2.589898865	0.1	0.201594242095307	0.0571251670956198	0.97066364111581	0.97066364111581	46.2118477772768	1.83209104831107	0.00113484963351665	0.00109137713077705	5.74479383616211	2.2197655698944	-0.197348154583175	0.0142476895659689	-0.191558678295191	0.0138297142315911	3921
p=2-4|antVPD0.0932-2.59|antQ0.00876-0.1	0.0932	0.00875866	2.589898865	0.1	0.201594242095307	0.0571251670956198	2.91774455329727	2.91774455329727	4.64117277783477	0.520240378664332	0.0148975405959402	0.00283419728707878	4.28762335203275	0.654169686653566	-0.120379242082614	0.0122456110856424	-0.3512358779166	0.0357295650469299	425
p=4-6|antVPD0.0932-2.59|antQ0.00876-0.1	0.0932	0.00875866	2.589898865	0.1	0.201594242095307	0.0571251670956198	5.01387738950445	5.01387738950445	3.69593381523901	0.188019476515519	0.0794651688821934	0.00747963182581941	4.7035663517404	0.418928844739013	0.0876831735943205	0.0144871526273753	0.439632681524557	0.072636806996697	121
p=6-10|antVPD0.0932-2.59|antQ0.00876-0.1	0.0932	0.00875866	2.589898865	0.1	0.201594242095307	0.0571251670956198	7.55273354894888	7.55273354894888	2.9145342742696	0.102101322029979	0.145370618582807	0.00761415301712327	3.77698662889244	0.276655724458141	0.0955439937676269	0.0160024632410635	0.721618327129318	0.120862340986602	38
p<2|antVPD0.0932-2.59|antQ0.1-0.2	0.0932	0.1	2.589898865	0.2	0.160795978102023	0.147417279754561	0.950946382325671	0.950946382325671	6.5736957776184	0.362509767082366	0.00758915625511574	0.00129431287957739	11.4763388351292	1.47825465804382	0.181580493474353	0.0163690782865805	0.172673313370346	0.0155661157786295	2896
p=2-4|antVPD0.0932-2.59|antQ0.1-0.2	0.0932	0.1	2.589898865	0.2	0.160795978102023	0.147417279754561	2.90177879618256	2.90177879618256	3.96780814066412	0.196725802952078	0.0512229377723972	0.00355247929205287	9.05637256097567	1.26459412708255	0.3221090741612	0.0159670628039025	0.934689281458964	0.0463328842816794	256
p=4-6|antVPD0.0932-2.59|antQ0.1-0.2	0.0932	0.1	2.589898865	0.2	0.160795978102023	0.147417279754561	4.9671057253249	4.9671057253249	3.45186656339802	0.195941056578903	0.135239347252827	0.0112488951818429	4.8712223650182	0.343358026671262	0.413272251032025	0.0191023844578355	2.05276696421908	0.094883563207872	70
p=6-10|antVPD0.0932-2.59|antQ0.1-0.2	0.0932	0.1	2.589898865	0.2	0.160795978102023	0.147417279754561	7.68196625459405	7.68196625459405	2.79161958182442	0.1500290458342	0.291299442607972	0.0319569014276281	4.44979690155372	0.545100591768112	0.489063954841886	0.0271430752022103	3.75697279743368	0.208512187749288	12
p<2|antVPD0.0932-2.59|antQ0.2-0.5	0.0932	0.2	2.589898865	0.5	0.1375180599679	0.318885097234391	0.988181952980397	0.988181952980397	7.80952152613571	0.367059035703242	0.0117406384374857	0.00108788200109143	9.62449626027246	0.466726249313209	0.388599165995566	0.0126594539010259	0.384006682780052	0.0125098438795811	4329
p=2-4|antVPD0.0932-2.59|antQ0.2-0.5	0.0932	0.2	2.589898865	0.5	0.1375180599679	0.318885097234391	2.95956987732732	2.95956987732732	3.8808182857831	0.13334133787387	0.0986132761757479	0.00491106835256925	7.36245621255895	0.441087551036475	0.649432800175215	0.0125489587536667	1.9220417527469	0.037139520319175	430
p=4-6|antVPD0.0932-2.59|antQ0.2-0.5	0.0932	0.2	2.589898865	0.5	0.1375180599679	0.318885097234391	4.94070284341209	4.94070284341209	3.48664026683701	0.137281889010684	0.249296773235191	0.0134309081756964	5.71171947298501	0.444682095004531	0.763828028655955	0.0169520993610438	3.77384731305833	0.0837552855149133	88
p=6-10|antVPD0.0932-2.59|antQ0.2-0.5	0.0932	0.2	2.589898865	0.5	0.1375180599679	0.318885097234391	7.46253504205046	7.46253504205046	2.75331018755711	0.161093056874424	0.543294127613595	0.0591484090977028	3.9301228452939	0.374192478616159	0.820240126986257	0.021737768135392	6.12107069053087	0.162218856446331	24
p<2|antVPD0.0932-2.59|antQ0.5-1	0.0932	0.5	2.589898865	1	0.1261570502258	0.684727286373051	1.04687645716249	1.04687645716249	4.8053481264257	0.380146445897644	0.0261595896154849	0.00168596059732348	11.5955537623284	1.11093071440348	0.716699810856664	0.0193332807096157	0.750296158838652	0.0202395564146104	1723
p=2-4|antVPD0.0932-2.59|antQ0.5-1	0.0932	0.5	2.589898865	1	0.1261570502258	0.684727286373051	2.98308500627353	2.98308500627353	3.70204847574425	0.193460665874927	0.152972622008068	0.0115707105808888	6.66826870735617	0.925838359569417	0.727906513256349	0.0173347881235534	2.17140700566386	0.0517111465383006	223
p=4-6|antVPD0.0932-2.59|antQ0.5-1	0.0932	0.5	2.589898865	1	0.1261570502258	0.684727286373051	4.9426918061291	4.9426918061291	2.77653442748585	0.0905396068344336	0.383370422195228	0.0197644428658596	4.42604417706256	0.302553112897929	0.718566137903441	0.0213839761923304	3.55165096197717	0.105694403908291	56
p=6-10|antVPD0.0932-2.59|antQ0.5-1	0.0932	0.5	2.589898865	1	0.1261570502258	0.684727286373051	7.50677570093458	7.50677570093458	3.27118230295122	0.322930746574565	0.860333070402326	0.110227282910499	4.97685202878873	0.343323234421195	0.799677903913772	0.0376218118244397	6.0030026576742	0.282418502828837	9
p<2|antVPD0.0932-2.59|antQ1-20.2	0.0932	1	2.589898865	20.18325015	0.116523259755769	1.70620772063704	1.04206678135752	1.04206678135752	3.26571586286368	0.200838307630885	0.0489299231328385	0.0058552243695642	8.0169237086925	0.763587534595862	0.70094060562165	0.0350745401166697	0.730426920822946	0.0365500131269733	570
p=2-4|antVPD0.0932-2.59|antQ1-20.2	0.0932	1	2.589898865	20.18325015	0.116523259755769	1.70620772063704	3.07488614183474	3.07488614183474	3.26737568050792	0.235749320951234	0.196654846004719	0.0242652791013742	4.81091515694185	0.499590487917081	0.502251704080563	0.0271575208595922	1.54436680459021	0.0835062845377481	103
p=4-6|antVPD0.0932-2.59|antQ1-20.2	0.0932	1	2.589898865	20.18325015	0.116523259755769	1.70620772063704	4.81563116370809	4.81563116370809	2.70620607813446	0.161594746303474	0.495403038658884	0.0690411125806048	3.42117915929703	0.455137440751322	0.519889260437063	0.0348051128710673	2.50359492423787	0.167608586198289	26
p=6-10|antVPD0.0932-2.59|antQ1-20.2	0.0932	1	2.589898865	20.18325015	0.116523259755769	1.70620772063704	7.31443075321069	7.31443075321069	2.56754279040764	0.149058040776669	1.02630323368302	0.124956321607589	3.18085306700935	0.312609554073923	0.790023391723885	0.0391436741382349	5.778571392181	0.286313693910363	10
