lagtime	wtd_avg_RRD_p|antQ0.00876-0.1	wtd_avg_RRD_p|antQ0.1-0.2	wtd_avg_RRD_p|antQ0.2-0.5	wtd_avg_RRD_p|antQ0.5-1	wtd_avg_RRD_p|antQ1-20.2	se_p|antQ0.00876-0.1	se_p|antQ0.1-0.2	se_p|antQ0.2-0.5	se_p|antQ0.5-1	se_p|antQ1-20.2
0.333333333333333	-0.00448193508708075	-0.00372644417162254	-0.00633243637220407	0.0109763374991922	0.0266827578655036	0.000612769281062504	0.000598097011224189	0.000457257093058841	0.000584761586173075	0.000638737627583935
1	-0.00140430683981042	0.00431062913287286	0.0106886103488949	0.0357948264063588	0.0574255044459014	0.000351611948949109	0.00034463962086164	0.000262104361301035	0.000346227634405438	0.000367556673702802
2	0.00391926093244761	0.0188383481732435	0.037004704573619	0.074869771105536	0.115300619142092	0.00036557964263088	0.000358947755854916	0.000271869574009546	0.000365693174911589	0.000380739312710845
3	0.00789566145686881	0.0235188170872605	0.0407385172148969	0.0685727191588814	0.0944665843352274	0.000370492221572164	0.000365507174949663	0.00027682257619831	0.000376387182826607	0.000381876176298994
4	0.00940624266127167	0.0220977273548919	0.0359397676495937	0.0550326946401263	0.0699303988816708	0.000373335330789059	0.000369380126684814	0.000280729261992246	0.000383982896862464	0.000382245163763345
5	0.008447315492118	0.0195347664746984	0.0292480121247767	0.042354222609179	0.0522739529665442	0.00037488194610625	0.000371465127455806	0.000283633072477941	0.000389316331566805	0.00038293572326192
6	0.005398160407364	0.0148012736721855	0.0226694458967554	0.0329588623478811	0.0402876037277616	0.000375731400107295	0.000372830454148055	0.000285780684059585	0.000392516929342927	0.00038405717497547
7	0.00320846431946905	0.0107529147763991	0.0183700545498387	0.0272045015373957	0.0318781105126362	0.000376227735799294	0.000373555362246212	0.000287209216940438	0.000394524194363904	0.000385185732447539
8	0.00197549679044291	0.00878437845822385	0.0149990639670838	0.023807998908757	0.0262521059739229	0.000376498727683428	0.00037401761327902	0.000288240986900198	0.000395643769891713	0.000386160364524159
9	0.00107605170259018	0.0088008682078905	0.0143091750020169	0.0201352499465386	0.0229027327371501	0.000376700602682693	0.000374346490423533	0.000288969106438804	0.000396360743292238	0.000386871253427919
10	0.00058459868950031	0.00809797281322984	0.0128535215515017	0.0171624877750348	0.019546470572459	0.000376853349479171	0.000374595908947535	0.000289510271408256	0.000396917340920813	0.000387571810503027
11	0.000144260768171307	0.00670327377544889	0.0117392378440361	0.0153776806254608	0.0162171336617407	0.000376972076417138	0.000374780333475866	0.000289893614243589	0.000397455323040024	0.000388036052270281
12	-0.000320924032304206	0.00636051608066766	0.0112391537932573	0.0139046883723138	0.0148222273327948	0.000377049928447801	0.00037497804073004	0.00029021833834777	0.000397897903375275	0.000388393858282684
13	-0.000652658698856113	0.00616103392809019	0.0103013558843296	0.0135881390687275	0.0125636932546836	0.000377113605253899	0.000375038850699927	0.000290521452723421	0.000398384338817048	0.000388624193658255
14	-0.00125036671325254	0.00584638321099141	0.00968377431871073	0.0122083098812028	0.0119285302363875	0.000377162010404368	0.000375179493671894	0.000290734974775995	0.000398826410122444	0.000388791160220137
15	-0.00110331059549932	0.00532805616682413	0.00862264864987598	0.0110901880943446	0.010904503103167	0.000377205404343932	0.000375325294069995	0.000290859142695533	0.000399208291235837	0.000388970391859776
16	-0.000908829911241841	0.00557147138859719	0.00854126574963388	0.0110531226369793	0.00954584723970751	0.000377257793450002	0.00037542985457702	0.000291034681933351	0.000399489298614092	0.000389046707520956
17	-0.000916423177868722	0.00488947791743194	0.00819863365514242	0.0116872891222338	0.00827651958504679	0.000377299045103707	0.000375542516934216	0.000291158352484575	0.00039977014650404	0.000389072579600098
18	-0.00121218126023359	0.00512644648439555	0.00757028152452097	0.0100978057140378	0.0073052504533368	0.000377319999134005	0.000375683323779323	0.000291273283606492	0.000399966885086571	0.000389114730938117
19	-0.00133865689556651	0.00494885531681344	0.00814841962441268	0.00974087322116523	0.00652795863228845	0.000377342606965622	0.000375816318849363	0.000291424539251165	0.000400126577832056	0.000389235062028314
20	-0.0015448518456316	0.00434234962503932	0.00733843976078897	0.00926372321808112	0.00602676774291659	0.000377365900469748	0.000375907281987612	0.000291549722038341	0.000400252426877403	0.000389321950203483
21	-0.00154259551698537	0.00475132148417286	0.0075997473603121	0.00912677995700528	0.00572343640823423	0.000377404995126724	0.000376011385404081	0.000291636306521938	0.000400407830422588	0.000389421606547777
22	-0.00151622922363235	0.00379521412390946	0.0072209501991436	0.00831994009951595	0.00621258230376861	0.000377417396480593	0.000376128960811272	0.000291709644036661	0.000400565190030793	0.000389505959868188
23	-0.00136455104549567	0.00404773693276978	0.00671995443493726	0.00831279794602515	0.00575325122273761	0.0003774395824544	0.000376233033937935	0.000291822275024882	0.000400677977775226	0.000389511044443733
24	-0.000931037669647387	0.00384636195567972	0.00639328239028202	0.00762565889517345	0.00424202955488164	0.00037748509869762	0.000376326096422143	0.000291909080060522	0.00040081291726958	0.000389544749434421
25	-0.000761561570779982	0.00330552980220754	0.00661761102416069	0.00742375101915747	0.00421583616552708	0.00037748043636363	0.000376442795029624	0.000292059280338985	0.000400917639047024	0.000389555857718652
26	-0.000918446874173354	0.00350034506739051	0.00673898875818147	0.00694165684353168	0.00362034072336415	0.000377551501394504	0.000376545805815813	0.000292145437456687	0.000400959862755912	0.000389581027175903
27	-0.00115594538727723	0.00430965695232401	0.00615918785712922	0.00592460489334759	0.00383300599855457	0.00037758402903885	0.000376647335121684	0.000292232132454101	0.000401006459942726	0.000389638640624294
28	-0.00142816468024542	0.00404012489197703	0.00588093184673676	0.00656401236920892	0.00294537220164997	0.000377642022279567	0.000376715059628531	0.000292334051505683	0.000401051520793115	0.000389684530179755
29	-0.00174248265205552	0.00418540419340845	0.00629499491585404	0.00588383018566912	0.00257304758154491	0.000377718089347368	0.000376775651390649	0.000292412726753856	0.00040111280008062	0.000389730761342335
30	-0.00169397267852264	0.0040647636522653	0.00627527755293092	0.00749182308212346	0.00286393004597347	0.000377749269120737	0.000376892727075353	0.000292460598988967	0.000401161535289432	0.000389768629783629
31	-0.00186794620431841	0.00427391649058802	0.00571402061643709	0.00596149756778977	0.00306235159719422	0.000377765047098594	0.000376972855646707	0.00029250189367487	0.000401275041796428	0.000389804775859584
32	-0.00133344825040251	0.00396355455703901	0.00516751625649432	0.00643089220870635	0.00252016860663582	0.000377759588203221	0.000377046944975184	0.000292539896573999	0.000401293574715687	0.000389837986083034
33	-0.00118710765229491	0.00355832187473965	0.00550282277543612	0.00565261264661117	0.00196603034727751	0.000377745359803971	0.00037710592450114	0.000292541726166523	0.000401311980740632	0.000389825932653116
34	-0.000918728734531275	0.00301836984762479	0.00531383473180566	0.00592476931791214	0.0022190810694676	0.000377759931477313	0.000377151447810281	0.000292551134842584	0.00040131166856472	0.000389791826154793
35	-0.000928206018482272	0.00318967995343649	0.00559269546976438	0.00550547933472559	0.00298854847634584	0.000377756441899335	0.000377200747513239	0.000292576715281675	0.000401298362369621	0.000389779419734048
36	-0.000723699524273546	0.00352819850224674	0.00519915081195576	0.00600756711306092	0.00272325214070242	0.000377792249149984	0.000377250933778013	0.000292630482506645	0.000401283017324929	0.000389772722621462
37	-0.00052189847977519	0.00374120750642863	0.0050776020734472	0.00676631644639215	0.00266618080709586	0.00037779805259538	0.000377310242294923	0.00029268755268135	0.000401252081347089	0.000389744393461083
38	-0.000273579074860432	0.00317546642210266	0.00467137956986178	0.00600647566682898	0.00216265654138759	0.00037780764489317	0.000377356674232285	0.000292737347625554	0.000401219147439178	0.000389728224213066
39	-0.000639073629354411	0.00288575923736346	0.00499857786949228	0.00711554660223916	0.00360585374227573	0.00037782096641226	0.00037740878094842	0.000292756409950837	0.000401212547464549	0.00038968280186513
40	-0.000817777087077588	0.00252050751058759	0.00469022744654017	0.00531704225939886	0.00260301319931406	0.000377834013117311	0.000377451703706793	0.000292798659322342	0.000401203017524336	0.000389672885398389
41	-0.0011304292300125	0.00256693973901155	0.00442041233658897	0.00513301606951337	0.00260551275221087	0.000377823087993062	0.000377578052115442	0.000292813427642719	0.000401191398185461	0.0003896570622161
42	-0.00132590056475953	0.00344583457625262	0.00409921438139915	0.00525732930894309	0.00265304825749562	0.000377830841758306	0.000377653889230002	0.00029281817946184	0.000401146139525878	0.000389633189760359
43	-0.00153758830052789	0.00364828254093316	0.0039350136147072	0.00443561060814681	0.00255834875937663	0.000377855937960648	0.000377694675866423	0.000292848276296809	0.000401124145900243	0.000389608077005685
44	-0.00160565711137126	0.00231923693979972	0.00408360273841666	0.00397189277262643	0.00287785044521775	0.000377905665749897	0.000377711714146266	0.000292887614462714	0.000401130447124373	0.0003895954976083
45	-0.00111107893291757	0.00215423378355968	0.00356948167047196	0.00391272541708912	0.00299720756285741	0.000377920466554264	0.000377731899347695	0.000292935891838197	0.000401126459401987	0.000389529349699398
46	-0.000864185483867104	0.00265552551475755	0.00355837774171171	0.00453544743162198	0.00288197321018803	0.000377877089327997	0.00037775850984335	0.000292964929808399	0.000401104779513336	0.000389466822162907
47	-0.000563305454433599	0.00285161324461964	0.00357154581325213	0.00413932830824183	0.00231037901114035	0.00037781141182455	0.000377755974259456	0.000292995581938163	0.000401119254274787	0.000389462244021878
48	-0.000715623682715317	0.00250248295864509	0.00346569485956331	0.00350332746229511	0.00227819777435412	0.00037779544105526	0.000377836277614234	0.000293018611704226	0.000401108742243336	0.000389422149896497
49	-0.000842323626230729	0.00303906704226418	0.00416041247021844	0.0031227384399372	0.00244317703964401	0.000377791368475438	0.000377926066417886	0.000293044397312849	0.000401103684808212	0.000389261738325973
50	-0.00112497429195596	0.00301576523091717	0.00413754699849961	0.00421826078784184	0.00188966211194484	0.000377798176902131	0.000377962722287483	0.000293058643018726	0.000401092573171162	0.00038924328511365
51	-0.00148607159608316	0.00233855029883469	0.00416267135532062	0.00397831047976259	0.00156536880078502	0.000377818441462249	0.000377993707575201	0.000293052323010428	0.00040108746187323	0.000389229048671723
52	-0.00149341477000812	0.00270823377963644	0.00327403172450913	0.00369876273358997	0.00163669273643672	0.000377827950219251	0.000378019152499045	0.000293049140646015	0.000401016683361796	0.000389211202617655
53	-0.00162206850679913	0.00310604404829211	0.00304581173603418	0.00301727395638885	0.00192139261597702	0.000377839072332419	0.000378036883064429	0.000293030069659644	0.000400974680457939	0.000389191400044803
54	-0.00108155348382791	0.00233374430820416	0.00268116469541531	0.00238289209227009	0.00258874392104775	0.000377849533004042	0.000378054261230223	0.000293026817398125	0.000400945760530725	0.00038915328419772
55	-0.000761170256407849	0.00245458126415312	0.00341890714327293	0.00197982223880213	0.00252980350427347	0.000377836816698915	0.00037808609014574	0.000293001479668475	0.00040096877433236	0.000389141246577508
56	-0.00153266261917442	0.00272911145166315	0.00340423362360176	0.00240425203123357	0.0021248861034052	0.000377820848899214	0.000378088939117313	0.000292986560767371	0.000400975574055675	0.000389134042694923
57	-0.00191809596986197	0.00221733070421915	0.00359919333182673	0.00168307914558333	0.000587214050073896	0.0003777964736976	0.000378076742434573	0.000292932890307193	0.000400994813336852	0.000389127855573746
58	-0.00136841160995539	0.00192449729321031	0.0035423205239721	0.0016570344802085	0.000593297299759218	0.000377768549806272	0.000378053059039871	0.000292899818851087	0.000400999480827398	0.000389115715880847
59	-0.000904493629985665	0.00236660365899699	0.00315710080418585	0.00203388203904489	0.000492875857217823	0.000377657565003245	0.000378052156415061	0.000292876736531811	0.000400999450467684	0.000389096801405926
60	-0.00108770553858329	0.00194798648660489	0.0028831703924574	0.00233677346642912	0.000885626324327934	0.000377536677325174	0.000378044079570975	0.000292830927206698	0.00040096258267138	0.00038907653420322
61	-0.00135486077324923	0.00197346855682584	0.00367100397019086	0.00265682738775689	0.00148174818319588	0.000377452283865899	0.000378047387460129	0.000292792831661622	0.000400911352439833	0.000389044871378818
62	-0.000948442434477194	0.00192422525425045	0.00319556230615022	0.00307990026096734	0.000980414064480738	0.000377408400487722	0.000378038475942847	0.000292758806537908	0.000400874986075358	0.000388953266377973
63	-0.0011427419750027	0.00230817173163763	0.00353938140297951	0.00196374355926639	0.000660620821053214	0.00037737380661758	0.000378034472279895	0.000292710309117245	0.000400846688841435	0.000388903873284478
64	-0.0015846278717866	0.00255129282781807	0.00355630298974656	0.00191112047553966	0.000264047374036069	0.000377324779084701	0.000378018015748593	0.000292619536909884	0.000400825239904551	0.000388904673681405
65	-0.00156946564421107	0.00231357534751023	0.0031840927645719	0.00231489481058883	0.00161855611416184	0.000377279922192324	0.000377998511379216	0.000292567430598429	0.000400804739131526	0.000388788409016598
66	-0.000878392813855393	0.00183596501255135	0.00309402310806769	0.00173077990508211	0.00158032998316543	0.000377229649288973	0.000377975132466649	0.000292538532079368	0.000400776939352492	0.000388780844629217
67	-0.000969997611949186	0.00168531326865789	0.00289873070445857	0.00176165571551087	0.000697308597667657	0.000377125381640134	0.00037794029997649	0.000292511484118611	0.000400793025287047	0.000388770937323666
68	-0.00159165110476521	0.00178715276292823	0.00255288010238203	0.000615663422280498	0.000708153589594304	0.000377088283626768	0.000377893719206774	0.000292451853589872	0.000400784915075333	0.000388757943247354
69	-0.00125174070668368	0.00178269308274833	0.00247788453864486	0.00108727750184648	0.000447351207995794	0.000377061047201819	0.000377828696523114	0.000292425670018646	0.000400765884912726	0.000388727464760803
70	-0.00103992491449572	0.00186581402763882	0.00319276216885061	0.00197997472751814	0.00166662086767145	0.000377043343574199	0.000377808477963694	0.00029239000051893	0.000400773733758876	0.000388704208192584
71	-0.0014022442853745	0.00167595816613372	0.00370579430496275	0.00234443423258918	0.00129705620222531	0.000377019756380666	0.000377813463779826	0.000292369358983438	0.000400695462100894	0.000388655693479528
72	-0.00104775548445356	0.00134434825808278	0.00329124451746885	0.00273756778259798	0.000607041696694364	0.000376971376910055	0.00037780450047167	0.000292342966154911	0.000400604472139279	0.000388630950400144
73	-0.00119112145102348	0.00128769877037613	0.00306380570657178	0.00299668031541296	0.00189906282798058	0.000376956350311615	0.000377772247416367	0.00029231479281547	0.00040055752477709	0.000388645011180205
74	-0.00114417321777549	0.00163123006178692	0.00246438382491468	0.00179564581884555	0.00109385567909949	0.000376952996007926	0.000377756384045175	0.000292298616134767	0.000400527342558465	0.000388633946080962
75	-0.000902486140231849	0.00130040361027484	0.00296579562634948	0.00233037204057299	0.000976526194783274	0.000376911334401549	0.000377727595717924	0.000292250655470151	0.00040049766566045	0.000388630882315764
76	-0.00128949966536889	0.00109284030846587	0.00333779765065351	0.00230235589086562	0.00199966937165169	0.000376858943412312	0.000377691937493081	0.000292188968609121	0.00040045925003535	0.000388665274888233
77	-0.00131113489334935	0.00105750325646619	0.00272694513384883	0.0020434169244865	0.00254059362667576	0.000376787974837602	0.000377642654198973	0.000292152424838904	0.000400394616127273	0.000388651127904549
78	-0.00152910382738208	0.00109764633174831	0.00205902476604589	0.00226152514653645	0.00172516314611983	0.000376729386654066	0.000377581192380694	0.00029210192802014	0.00040033905231694	0.000388593068251991
79	-0.00159609406857076	0.00150694162934536	0.00220956685026343	0.00166509279021362	0.000675174550500238	0.000376661939454353	0.000377511476570171	0.000292056475350835	0.000400226172708348	0.000388510632576514
80	-0.00146703239859752	0.00189853628626052	0.00213287990393255	0.000990693730836724	0.00055901515063876	0.000376568990663884	0.00037741755855413	0.000291979080118638	0.000400154575032125	0.000388477628431362
81	-0.00118660287082953	0.00136262351960419	0.00218243673776498	0.00116164626341046	-0.000294714782295595	0.0003765015192141	0.00037733068695645	0.000291870296924678	0.000400048412639615	0.000388411236544801
82	-0.00140798093857547	0.00163231147327894	0.0023424201106287	0.00184988739515114	0.000341596167892203	0.000376435511806115	0.000377239563212634	0.000291801168630819	0.000399861062735871	0.000388383316011693
83	-0.00135958694534735	0.000858762335988747	0.00190501294680056	0.00180799164294346	0.000962470671856018	0.000376365718181983	0.000377170634587148	0.000291740244414879	0.000399696108299106	0.000388292723827988
84	-0.00109371843816882	0.000521194147272454	0.00232302874839447	0.00251547551748536	0.000784197453890285	0.000376315924536021	0.000377085391851022	0.000291681003440719	0.000399466557965182	0.000388251826363552
85	-0.00111246247062737	0.00110122349972778	0.00295298584616139	0.00229915861627967	0.000816371000408248	0.000376247552666929	0.000376964364015614	0.000291562144713037	0.000399180769188116	0.000388127746066443
86	-0.00123931512574236	0.0012495088024613	0.00303747536758122	0.00240727368341108	0.00115748837259944	0.000376209232453545	0.000376823017467225	0.000291490691595206	0.000398917425916659	0.000388018150714866
87	-0.00125554610974517	0.000952968659709542	0.00250088005351373	0.00175817318941401	0.000204743599452743	0.000376169615970592	0.000376709095229223	0.000291377673371714	0.000398681476182401	0.000387939381937952
88	-0.001036269160182	0.000425931853024222	0.00182131896778639	0.00164921119698236	0.000839457681764427	0.000376120097998791	0.000376597900902127	0.000291270504256127	0.000398462948232599	0.000387845903087689
89	-0.00124538611935964	-4.647355032532e-05	0.00213009191917584	0.00148418744010286	0.00108429046727126	0.00037605310415245	0.000376469937764684	0.000291144879171043	0.000398244063119669	0.000387788582320209
90	-0.00127220147945432	0.00019079553206734	0.00242676930718673	0.00135903558244837	0.00129543422212464	0.000375994768847928	0.000376311899075956	0.000291034804695797	0.000397868709246546	0.000387738669214799
91	-0.00100437973996423	0.00111597384827596	0.00221771509677311	0.00196752364349061	-3.20882554064278e-07	0.00037590903856203	0.000376153957244102	0.000290916679201265	0.000397459776169411	0.000387582280509773
92	-0.00120511047070644	0.001060954645057	0.00232816726378315	0.00243979541406502	0.00073901462735871	0.000375830098139881	0.000375972325773047	0.000290754062911693	0.000397014875144941	0.000387435137632167
93	-0.00104239066370199	7.42469440881149e-05	0.00215774699673923	0.00226529210780558	0.00160051192888538	0.000375728262146465	0.000375788020182635	0.000290605661230856	0.000396456151997566	0.000387285098828624
94	-0.00131034438956801	0.000242311347933774	0.00227432807865442	0.0027359867317843	0.00116559406906951	0.000375628027904827	0.000375601495359215	0.000290433595467275	0.000395917959192447	0.000387088780393169
95	-0.00134195839015138	0.000639584563392407	0.0020965459154886	0.00293232679983971	2.10764422853419e-06	0.000375520233229558	0.000375375720333222	0.000290227169206553	0.000395141301157514	0.000386917138088326
96	-0.00161370717962219	0.00101324967502799	0.00244338570744715	0.00302078207924188	0.000374358715657114	0.000375432226848194	0.000375047756390513	0.000289980130469152	0.000394244994157074	0.000386635253654821
97	-0.00149989375842371	0.000733930286545533	0.00189359986599946	0.00212121776713361	0.000774352356245129	0.000375306740852627	0.000374753972958803	0.000289694262206276	0.000393073743267078	0.00038602141872141
98	-0.00157937305784751	0.000174913260642036	0.00162387257953411	0.00240241384774477	0.0014959022783119	0.00037517853481567	0.000374493104500106	0.000289373554465655	0.000391882230267647	0.000385498284600367
99	-0.00118993450863432	0.000297092497679739	0.00164741617911425	0.00282693177695447	0.0011863497606695	0.000375087388250574	0.000374224615695439	0.000288913600626511	0.000390422146696703	0.000384005952252469
100	-0.00140502855465982	-8.65779956917566e-05	0.0014720291149817	0.0036619040726962	0.00150156297448242	0.000374652946334004	0.000373387686318221	0.000287589812020655	0.000387325909564562	0.000376707402692511
