lagtime	RRD_p|all	se_p|all	wtd_avg_RRD_p|all	se_p|all
2	0.000850460549642247	3.98613641032546e-05	0.000587914127351287	5.29492114797458e-05
6	0.00221077981915481	2.87044478332512e-05	0.00125564275224857	3.64419845092853e-05
12	0.0034442804985442	3.30325940610158e-05	0.00199029301399853	4.34377926572205e-05
18	0.00354842484183568	3.53306094451621e-05	0.00232766216147652	4.83846707788035e-05
24	0.00346006315966881	3.6992201637273e-05	0.00237312293886154	5.15647317070173e-05
30	0.00332439297221942	3.86360132875046e-05	0.00239914168853095	5.40354378394591e-05
36	0.00314353711135307	4.02150890960393e-05	0.0023505878180896	5.6069048193083e-05
42	0.00290735030608103	4.17022476956638e-05	0.00216395788598684	5.78226088508292e-05
48	0.00268487745838031	4.30318004462569e-05	0.00194452958310376	5.92325440432644e-05
54	0.00249652155202197	4.43082888268158e-05	0.00176354920615196	6.05781261238009e-05
60	0.00230718050164721	4.54753017417386e-05	0.00158993400157344	6.18100416624933e-05
66	0.0021566557809328	4.65202387833944e-05	0.00144897491062206	6.28745440353976e-05
72	0.00199083334319968	4.74673927855836e-05	0.00138432092679476	6.37866928445363e-05
78	0.00180523759525006	4.83562693670796e-05	0.00130404533848088	6.4572067053747e-05
84	0.00165222579084278	4.91854590238776e-05	0.0012212308918871	6.52996814845962e-05
90	0.00152110669526867	4.9957040594828e-05	0.00110580750874198	6.59055385677361e-05
96	0.00138565562477672	5.0613082808473e-05	0.000973546835427444	6.63800652543027e-05
102	0.00127107351936455	5.12280549813928e-05	0.000936553191057384	6.68313187505787e-05
108	0.00114466319516917	5.18178819418182e-05	0.000826784929843967	6.72373682999543e-05
114	0.00104312453233288	5.23641929234201e-05	0.000742999486747769	6.75697197088151e-05
120	0.000953780967797167	5.285074078387e-05	0.000687069985310353	6.78285355290578e-05
126	0.000895677403096751	5.3290095645836e-05	0.000664864495776233	6.80540444472938e-05
132	0.000818481012796501	5.37102551665875e-05	0.000629878460066188	6.82567259075051e-05
138	0.000774603834250777	5.40740838442516e-05	0.000599532953100474	6.84286826564127e-05
144	0.000732000562640925	5.43727246915196e-05	0.000554484029031634	6.8559671403907e-05
150	0.000715130305817201	5.46416215869235e-05	0.000513470959906517	6.86699454701079e-05
156	0.000720327766092755	5.49061006297809e-05	0.000509271271724351	6.87743500824344e-05
162	0.000715141890723735	5.51621662882654e-05	0.000497671915916323	6.88770351880346e-05
168	0.000701824843793605	5.53837533687625e-05	0.000512258366153328	6.89354793430227e-05
174	0.000665365729739088	5.56314977910362e-05	0.000497238379356209	6.90008202299182e-05
180	0.000616084425699895	5.58996700594188e-05	0.000443841387623663	6.90803096038178e-05
186	0.000650776097644628	5.61365878210193e-05	0.000407056708750133	6.91556910117662e-05
192	0.00068821937097721	5.63143476751375e-05	0.000442835582875407	6.91892015480751e-05
198	0.000749893057513247	5.64842413416932e-05	0.000468034751959452	6.92161246606171e-05
204	0.000730413837185771	5.66457889460144e-05	0.000455026755323076	6.92423288863288e-05
210	0.000683261710270316	5.6812266795921e-05	0.000435441649859575	6.9273722983687e-05
216	0.000642635268438827	5.69636914452534e-05	0.000447964249243681	6.92975746306627e-05
222	0.000616053065176106	5.70888331262182e-05	0.00043792366952561	6.93081991146953e-05
228	0.000617877963666634	5.72075154953199e-05	0.000452591386851305	6.93287544613874e-05
234	0.000607120575974908	5.73243464865242e-05	0.000445453019056213	6.93565507552959e-05
240	0.000582591261978871	5.74375971941808e-05	0.000396044357582132	6.9387997300625e-05
246	0.00054225919150915	5.75630579951254e-05	0.0003416017630514	6.94091547923765e-05
252	0.000549959766808551	5.76813793388896e-05	0.000372679251118301	6.94262338499273e-05
258	0.000539092355405069	5.7785404375866e-05	0.000369716048812673	6.94300845918488e-05
264	0.000513753147431066	5.78814187493414e-05	0.000358007731724842	6.94193097068033e-05
270	0.000498268027335141	5.79675170930612e-05	0.000375540457208558	6.94109043068251e-05
276	0.000492468629795008	5.80651649593251e-05	0.000347580880207082	6.9414818789216e-05
282	0.0004903872105397	5.81412175668559e-05	0.000358937148993892	6.94279834026746e-05
288	0.000496721508571916	5.81627815626917e-05	0.000343670218358845	6.94288109310643e-05
294	0.000483332351237953	5.8143723814585e-05	0.000327922863012231	6.94330021534862e-05
300	0.000479842893579934	5.81420771842246e-05	0.000317401166750535	6.94382360276681e-05
306	0.000478832057925059	5.81573197834269e-05	0.000336182042266499	6.94401838900907e-05
312	0.000447545856773266	5.81759825916938e-05	0.000315489396142787	6.94511202819156e-05
318	0.000452780883430553	5.81937790678314e-05	0.000342004330186717	6.94558127171874e-05
324	0.000448063562996986	5.82062749264532e-05	0.000355601268613202	6.94631694383489e-05
330	0.000427875234458463	5.82100237605499e-05	0.000324930752604374	6.94651271902424e-05
336	0.000415661509075753	5.82156896482723e-05	0.000341134363482223	6.94624864364203e-05
342	0.00042025130064622	5.82304558146544e-05	0.000341928177709985	6.94720489036708e-05
348	0.000446400624895111	5.82382719364763e-05	0.00032297420149201	6.94777016200451e-05
354	0.000449866319588257	5.82301990205942e-05	0.00032681523693256	6.94733103325838e-05
360	0.000445243821732314	5.8203038128314e-05	0.000354739367485582	6.94511753084461e-05
366	0.000433439101435001	5.82028393456311e-05	0.000365927822751451	6.94489639581754e-05
372	0.000378605232912454	5.82182537418621e-05	0.000322475513280418	6.94534889829758e-05
378	0.000367343185159336	5.823562510363e-05	0.000293427560020011	6.94468146947593e-05
384	0.000392734396997969	5.82451665292205e-05	0.000328169226069846	6.94492257368467e-05
390	0.000397266385173064	5.82495733459066e-05	0.000376060582687165	6.94494064129526e-05
396	0.000416944138769075	5.82568603011256e-05	0.000409387384610746	6.94634383778583e-05
402	0.000415522575906695	5.82644749501636e-05	0.000392122477549964	6.94566156918048e-05
408	0.000430348687423465	5.82680362538237e-05	0.000399498930464056	6.94539689603931e-05
414	0.00040871060499021	5.82837442510561e-05	0.000345222115426663	6.94476609653608e-05
420	0.000375201270543831	5.83074353074748e-05	0.000331013676657313	6.94576846600521e-05
426	0.000340284123385725	5.83258456567815e-05	0.000297266543789499	6.94608894308642e-05
432	0.000351622401424684	5.83365945165625e-05	0.000323697252424002	6.94550694078839e-05
438	0.000379939114860401	5.83419403355437e-05	0.00040994002333435	6.94660936330619e-05
444	0.00037914347759275	5.83510799489504e-05	0.000467860739051829	6.94653806739549e-05
450	0.000346586597501352	5.83576628714477e-05	0.000416631989392534	6.94532092546251e-05
456	0.000322975722386952	5.83717859106955e-05	0.000349352002118524	6.94331996848815e-05
462	0.000356884680268353	5.83784220225861e-05	0.000355412324675287	6.9420325752015e-05
468	0.000359886129249398	5.83872933363081e-05	0.00032655016176349	6.94094022240524e-05
474	0.000358822896175345	5.83872999437521e-05	0.000298604086138944	6.93945202176085e-05
480	0.000335234655793826	5.83655470841061e-05	0.000275498807124173	6.93595815518562e-05
486	0.000361474171648738	5.83259189686819e-05	0.000270654679675619	6.93249921075368e-05
492	0.000365846582089949	5.82916225097864e-05	0.000246836408375292	6.93043655772851e-05
498	0.000359474356522274	5.82595530957351e-05	0.000260749244971338	6.92680963844005e-05
504	0.000334134367277584	5.8236032164406e-05	0.000244374776455794	6.92399994718327e-05
510	0.00035246246977945	5.82149068585968e-05	0.000256496821104221	6.92269433668601e-05
516	0.000347425330740892	5.81994988306964e-05	0.000226745329601471	6.92302650826087e-05
522	0.000353594098381577	5.82019876463075e-05	0.000231703907188893	6.92080517701226e-05
528	0.000340982685573235	5.81992350385871e-05	0.000233256304356974	6.91619786102827e-05
534	0.000329689515711403	5.81885400703736e-05	0.000203474406317993	6.91243269274692e-05
540	0.000343364429704303	5.81777720832628e-05	0.000177675220716082	6.90925144565227e-05
546	0.00035708547535526	5.81643876347592e-05	0.000197112146650571	6.90618089436108e-05
552	0.000323194864341973	5.81561492655218e-05	0.000180337878152806	6.90342379362877e-05
558	0.000334670787818879	5.813922610801e-05	0.000204361210862584	6.90120076755929e-05
564	0.000348871488012564	5.8130963141027e-05	0.000246639454341777	6.90287652399167e-05
570	0.000329015560189436	5.81288960638933e-05	0.000183324722923829	6.90208970921176e-05
576	0.000325988296948006	5.81273981045823e-05	0.000148767544991895	6.90031398478134e-05
582	0.00028159623164293	5.81232794799235e-05	0.000146511257501079	6.89902187057732e-05
588	0.00025619518232547	5.81271000870596e-05	0.000123928273739021	6.89701544857715e-05
594	0.00028040196153235	5.81191950979254e-05	0.000131034545324522	6.88972743810019e-05
600	0.000278558066794667	5.8127241342396e-05	0.000116470821380237	6.87531201287779e-05
