lagtime	RRD_p|antQ0.00876-0.1	RRD_p|antQ0.1-0.2	RRD_p|antQ0.2-0.5	RRD_p|antQ0.5-1	RRD_p|antQ1-20.2	se_p|antQ0.00876-0.1	se_p|antQ0.1-0.2	se_p|antQ0.2-0.5	se_p|antQ0.5-1	se_p|antQ1-20.2
0.333333333333333	-0.0118024161678567	-0.0185149037736652	-0.0159151639642395	0.00845729457053752	0.038357551677012	0.000594938303944326	0.000598654191359406	0.000451201723758439	0.000565038690136185	0.000599800688592429
1	-0.00534964350461516	0.00984924246572599	0.0160644012576198	0.049699801620657	0.0830291984124102	0.000362729061432033	0.00036563454764894	0.000268224435164538	0.000351650356664777	0.000346796474825788
2	0.0140724177137099	0.0441874880986057	0.0621926442212662	0.108858543811345	0.14988054331387	0.000384989307124332	0.000388244219449888	0.000284275417590619	0.000383634021113333	0.000356955914538394
3	0.0291793224198788	0.0393577601896893	0.0560957971706434	0.0810598473725508	0.10226072874918	0.000391331309271376	0.000396785581552038	0.000292203311563856	0.000401474638917748	0.000357401437370972
4	0.0222418940247466	0.0273534896191669	0.0385676296694031	0.0518676108033109	0.0654153090646281	0.000392996659272901	0.000400072810858511	0.000296885859055975	0.000410755600000492	0.000358190017005129
5	0.00953446028792484	0.014942379485124	0.0254935960527355	0.0362529065273827	0.0460245643303394	0.000393544375828934	0.000401200013568522	0.000299598174255146	0.000415996393312233	0.00036000184569477
6	0.00114156370353091	0.0102850530659251	0.0178583535890562	0.027482565779596	0.0367317479173592	0.000393958146048905	0.000401731618749493	0.000301519762642415	0.00041879681593559	0.000362195704964948
7	-0.00221703257354357	0.00693319412425343	0.0145051544908878	0.0222107030705626	0.0285853787622223	0.000394402374995966	0.000402117879230067	0.000302759990508461	0.000420292472179792	0.000363954747100375
8	-0.00134725937138615	0.0054932317465054	0.0125897805103557	0.0193909333989214	0.0232138325415936	0.000394690186866962	0.000402492553072561	0.000303496508572203	0.00042140051796422	0.000365064197220693
9	-0.000760504461910676	0.00557940875537137	0.012500367151831	0.016026065838145	0.020228016528109	0.000394849707108828	0.000402797711624945	0.000303962292491606	0.000422141174111683	0.000365632687809597
10	-0.00101925077651597	0.00556806952546667	0.0109561777210277	0.0136177190484422	0.016538826874016	0.000394944016276733	0.000402990770403898	0.000304296738619911	0.000422793193387487	0.000366178378353134
11	-0.00132130975206669	0.00490928306861752	0.0100865129275574	0.0129608293048822	0.0135045564479796	0.000394997462481778	0.000403152417928816	0.000304568081004352	0.000423278042562503	0.000366510602456197
12	-0.00131657168887092	0.00491711347351025	0.00947601318255134	0.01264679438356	0.0137573549455791	0.000395041426983799	0.000403319697702946	0.000304762189707361	0.000423646245555079	0.000366642353612741
13	-0.00134968015870882	0.0045253587181283	0.00887898281158148	0.0127382663440987	0.0114601514763992	0.00039507435377928	0.000403400171464282	0.000304964596450712	0.000424043408622593	0.00036670438340582
14	-0.00140886291457882	0.00473891825658573	0.00836193430688897	0.0116911671931066	0.00974859406061187	0.000395096113373273	0.000403485396500486	0.000305112106784208	0.000424380670634312	0.00036672879333666
15	-0.00130370049628733	0.00496785787177063	0.00752483840875279	0.0108654065140303	0.00958189248475974	0.000395106516977108	0.00040358194998661	0.000305217853012666	0.000424647693113006	0.000366752903607616
16	-0.00150545205101156	0.00464118202364537	0.00764016730223465	0.0102126024861512	0.00834539140488981	0.000395120303971988	0.00040365840512819	0.000305344362706405	0.000424947772662017	0.000366798690155269
17	-0.00150742386904676	0.00409722233072698	0.00799501891369226	0.0102923066180669	0.00704074170555696	0.000395145243379712	0.000403739224039571	0.000305461289653672	0.000425107272807849	0.000366863007507841
18	-0.00175494728754664	0.00471214794967309	0.00673592909247789	0.00935010804217144	0.00614461551187814	0.000395143076610708	0.000403817243687803	0.000305563998851455	0.000425326773887288	0.000366933515433431
19	-0.00178147082168135	0.00477198169490296	0.00762252465789976	0.00893076590969019	0.00551018720077535	0.000395134461628795	0.000403882169608476	0.000305649418518658	0.000425475533628387	0.000367000960849302
20	-0.00187374812283865	0.0042760784948129	0.00725855234967223	0.00870451371375219	0.00439949644718973	0.000395127458087422	0.000403928842975268	0.000305710966186286	0.000425629074499374	0.000367033813905977
21	-0.00189617578272833	0.00438526887027378	0.00744587329051035	0.0086787619991203	0.00422920105031043	0.000395120911574099	0.00040397599027154	0.00030572782369211	0.000425767878495187	0.000367080490017906
22	-0.00169387059350877	0.00373030864782461	0.00708688744250077	0.00800803211190751	0.00456554206374354	0.000395102884733054	0.000404040727816208	0.000305735449373667	0.000425874435461123	0.000367157146490696
23	-0.00146582595680906	0.00370624446297844	0.00721140221424954	0.00824389874350684	0.00370713992660056	0.000395104305034296	0.000404100432680297	0.000305777615978933	0.000425963443963315	0.000367210775110951
24	-0.00140288073054119	0.0036058973280223	0.0066600792858204	0.00734815041023293	0.00289662142044588	0.000395102687758635	0.000404148280067005	0.000305829721287522	0.000426044423572567	0.00036725693319411
25	-0.00142765483923682	0.00301304181073928	0.00620481151780618	0.00744526411674598	0.00411409851664548	0.000395086860981568	0.000404216090230046	0.00030591246990035	0.000426103961690723	0.000367276307777399
26	-0.00186080688254711	0.00299531203013664	0.00629676449668947	0.00736242347887907	0.0032787031479406	0.00039514529370131	0.000404262139176838	0.000305993546051676	0.000426137739103529	0.000367290051164265
27	-0.00259352940387111	0.00361342138946625	0.00547515809407407	0.00642190530749463	0.00283083678396938	0.000395189598922906	0.000404330019273478	0.000306092403479202	0.000426178546894519	0.000367302587250454
28	0.000884948965170475	0.00393518021220775	0.00567475989425523	0.00664359234089497	0.00243050050624285	0.000395209713496872	0.000404382343066249	0.000306169711871916	0.000426218950001607	0.000367327315318922
29	0.00193996631358096	0.00418346373451081	0.00589083805466249	0.0069012761321789	0.00229294801169395	0.000395235176162328	0.000404422061546884	0.000306210192086641	0.000426263979966584	0.000367353932119963
30	-0.000545393080574762	0.00410277307310357	0.00553179159787539	0.00770897664948828	0.0028678611587992	0.000395255014642254	0.000404492522278855	0.000306232288553038	0.000426336612048618	0.000367382494073187
31	-0.00131007115220964	0.00421346677738289	0.00537604464514125	0.0060966603617828	0.00343411943464502	0.000395256874422182	0.000404548852267885	0.00030628684708766	0.000426407815578452	0.00036740757751363
32	-0.00225902155922152	0.0036514951056	0.00498050125647544	0.00652032851935998	0.00282558065700555	0.00039526479994276	0.000404604014139592	0.000306326085352329	0.000426420023443017	0.000367416821027901
33	-0.00168290898686267	0.00334040425616857	0.00495153695476865	0.0057511334661725	0.00216396246818581	0.00039527005997548	0.000404652190355082	0.000306350046848109	0.000426494667585586	0.000367440440887213
34	-0.00126351585915928	0.00298500040862205	0.00448511796577336	0.00554388486255485	0.0023601171061664	0.000395264674973155	0.000404688721294329	0.000306366450154085	0.000426538593092272	0.000367454182771216
35	-0.00140211719224465	0.0030805183026189	0.00456640332605028	0.00534150868407551	0.00256172947517283	0.000395242840722889	0.000404732604755004	0.000306369435265311	0.000426556603492157	0.000367465569315967
36	-0.00158099586410986	0.00300043300573755	0.00440581470609367	0.00516233383595374	0.00223891846095373	0.000395241506969003	0.000404788338696854	0.000306378204971257	0.000426562007426407	0.000367480345065359
37	-0.00128465506580677	0.00252746699141963	0.00463771620192097	0.00533726041365221	0.00227280610229888	0.000395253584715936	0.000404849937685068	0.000306403039111174	0.000426565132714124	0.000367476229760049
38	-0.00110275893039338	0.00241075669610176	0.00404379051352672	0.00538011132777366	0.00223793690615244	0.000395260739866558	0.000404894538016067	0.000306441558568057	0.000426567586047946	0.000367478396851878
39	-0.00139598435078346	0.00265369348955961	0.00417626874121147	0.00635263922615671	0.00264096144211085	0.000395278570889834	0.000404937089436729	0.000306461956879949	0.000426557983557216	0.00036748114201637
40	-0.00124662417304037	0.00272002592828534	0.00433165507967989	0.0044319971134107	0.00168983175944922	0.000395279438720419	0.000404977586425123	0.000306483115288868	0.000426545481506591	0.000367491855365646
41	-0.0012381632540539	0.00240183783242943	0.00405999519200161	0.00435140788863517	0.00211897278888399	0.000395269343960753	0.000405058566089641	0.000306503254125283	0.000426516358886113	0.000367494962317586
42	-0.00150523646207642	0.00283684397154828	0.00366600448141736	0.00429281257674491	0.00221476843089782	0.00039526119461749	0.000405104308315042	0.000306511430258292	0.000426499298424015	0.000367486061576387
43	-0.00155004135195511	0.00314808827838657	0.0040617968643324	0.00379142566897155	0.00162687355019472	0.000395252927445458	0.000405124063453245	0.000306544887318912	0.000426491147101526	0.000367482074791262
44	-0.00171006817995039	0.00232624776539722	0.0037779200509561	0.00366562413381498	0.00167460738437655	0.000395254049136547	0.000405133596135441	0.000306566679057262	0.000426502884075901	0.000367477936049104
45	-0.00139675197272624	0.00253360774541174	0.00352679249661086	0.00410338344547213	0.00151947992652607	0.000395260246653373	0.000405142667665384	0.00030660328389697	0.000426512871343716	0.000367477907422913
46	-0.00141526968892049	0.00271687929801543	0.00335070257508603	0.00423982406604663	0.00140674692872686	0.000395233546135234	0.000405156945357015	0.000306641356815268	0.000426520319041671	0.00036746347398575
47	-0.00100545664956461	0.00331458538995794	0.00371694226460512	0.00402110810510179	0.00159888669551466	0.000395201380694499	0.000405161267281982	0.000306668825635064	0.000426524438414137	0.000367459475454056
48	-0.000699694278819568	0.00321979154284445	0.0034767793173732	0.00361684690036749	0.0011173254453966	0.000395172335669847	0.000405224239825117	0.000306698684870667	0.00042652796746697	0.000367430032860252
49	-0.000775710325731991	0.00286671485712518	0.00372018930782624	0.00335725668638922	0.00145906814315637	0.000395166246841991	0.000405273302759952	0.00030670497687085	0.000426533293719511	0.000367355852441485
50	-0.00119910434876499	0.00286561105933348	0.00380443245617341	0.0038415892192744	0.00131799081607011	0.000395164059080985	0.000405313107406964	0.000306709267849461	0.000426540047729229	0.000367336811023103
51	-0.00177209922861172	0.00234748576838185	0.00370065053645245	0.00345071084464994	0.00071339666720591	0.000395163741523592	0.000405329485981779	0.000306720404004449	0.000426537319487301	0.000367336020196589
52	-0.00179214380582656	0.00224355976733741	0.00339151674154716	0.00334090313287016	0.000431423981035564	0.000395157636767305	0.000405343530858373	0.000306716630716106	0.000426520877555659	0.00036734016317104
53	-0.00171784922538284	0.00239846691158701	0.00378315974567346	0.00345909384220002	0.000913850875230851	0.000395151189311794	0.000405348799566357	0.000306657609219297	0.000426523771355069	0.000367334047169
54	-0.00122473562031532	0.00214030728660338	0.00380671379904821	0.00311712313053514	0.00109552578829763	0.000395137131378432	0.000405358344609161	0.00030662854309911	0.000426536067074661	0.00036733507925095
55	-0.00101728072386962	0.0020107815813809	0.00378869254647783	0.00345753571169981	0.00178362750762513	0.000395128137039042	0.000405358986930577	0.000306596622706285	0.000426555020402081	0.000367332952159935
56	-0.00153190674082849	0.00164926520609685	0.00312214787485391	0.00288459003808508	0.00131087877209476	0.000395110040219245	0.000405343088132691	0.000306576084328102	0.000426568605632563	0.000367329108031612
57	-0.00151060307466804	0.00151167517176227	0.00292690735187432	0.00229793933292825	0.000426366166155401	0.0003950908689635	0.000405319448246364	0.000306555533748588	0.000426575517947359	0.000367330916674517
58	-0.00115057494165616	0.00203186850752719	0.0033190339407497	0.00258889207289556	0.00017806987662505	0.000395047408637683	0.000405292674664789	0.000306524591204084	0.000426577688933918	0.00036733364489945
59	-0.00108943218230624	0.00205498171206288	0.00332940899580838	0.00249443445269494	0.000311770243625454	0.000394945329998621	0.00040527358632295	0.000306495686778299	0.000426570482803647	0.000367337903007282
60	-0.00129445965923542	0.00146815826194336	0.00347338950725862	0.00257494308503905	0.000688952894507483	0.000394825576460906	0.000405254575874539	0.000306447181712361	0.000426563906661522	0.000367339435854311
61	-0.00141417907285778	0.00159543049861304	0.00436215072613344	0.0031101890019696	0.00153101498822413	0.000394751226959245	0.000405244430428056	0.000306397405837078	0.000426549973095225	0.000367345767095342
62	-0.00123274923437405	0.00166743545864569	0.00322683913357472	0.00342837307229706	0.000960870855364128	0.000394705863003033	0.000405227541382686	0.000306357877529295	0.000426524055569362	0.000367338153992157
63	-0.00119551279636686	0.0017453033184845	0.00315564247151524	0.00228777282272321	0.00041050497122987	0.000394687293933343	0.00040520626626436	0.00030632020613045	0.000426510416030293	0.000367283948546975
64	-0.00141238984600572	0.00218357751288176	0.00322784710424275	0.00204879458007059	0.000571571194173684	0.000394658084343529	0.0004051777817118	0.000306304762144263	0.000426515560763698	0.000367234474742122
65	-0.00157958459950649	0.00237609187764402	0.00302382560526019	0.00216955644694031	0.000920488422268615	0.000394627526559022	0.00040514827085376	0.000306282943468262	0.000426535110591916	0.000367145819758356
66	-0.0013927583628549	0.00189228754467102	0.00295648317649554	0.00180774521055288	0.000457536871345196	0.000394598461242308	0.000405124880563768	0.000306256022057747	0.000426551803185159	0.000367130347120618
67	-0.00160657453363922	0.00135832945530885	0.00306895242363215	0.00164679110504178	0.000577876422470362	0.000394429545777108	0.000405089303745213	0.000306226370115398	0.00042656967088304	0.0003671335052081
68	-0.0017039337287717	0.00129095739610318	0.00292009328868582	0.00132888745942157	0.00125946395189533	0.000394339230802233	0.000405033037177308	0.000306196938321375	0.000426549560626051	0.000367125278343634
69	-0.000999628442470113	0.00126036383508773	0.00240316046538806	0.001905729297965	0.00123999271026783	0.000394283467675124	0.000404971895082555	0.000306186952061184	0.000426551015415197	0.000367113951199554
70	-0.000979712720100783	0.00127308041881448	0.00302335239006076	0.00208815412791989	0.00145816992901809	0.000394260626633853	0.000404930232019999	0.000306183088723028	0.000426521001418078	0.000367101226086154
71	-0.00137673276824515	0.00122728661321631	0.003399758803621	0.00175805807249505	0.00132882201975915	0.000394223405900046	0.000404905315381284	0.000306185136095121	0.000426406580542517	0.000367110120079374
72	-0.00126117401841973	0.000907806071575457	0.00315019786557906	0.00231055448346525	0.000798254914826719	0.000394197816932953	0.000404888577218994	0.000306182469354228	0.00042629423513582	0.000367101662480894
73	-0.000974962971572403	0.000649643158883881	0.0028714228565246	0.00236924019912082	0.00125028428634394	0.000394169973793059	0.000404853037041667	0.000306165309531736	0.000426223740515597	0.000367100799993155
74	-0.00127863393718999	0.000988108742385945	0.00263649545037756	0.00163998679594697	0.000916864471724804	0.00039413104716574	0.000404819978227625	0.000306159234185399	0.000426166089078257	0.000367091533756625
75	-0.00126336361057897	0.000865749828384566	0.00276829977972089	0.00200302629156393	0.000408542847298212	0.000394077918287313	0.000404776388879835	0.000306136944033347	0.000426112267579568	0.000367092835489189
76	-0.00147349304633107	0.00110966814111355	0.00309258209114528	0.00233628372077392	0.000966511376676601	0.000394055920347101	0.000404722216522195	0.000306100546418483	0.000426023059202923	0.000367103863947024
77	-0.00124579187619016	0.00101427386457136	0.00244551115591254	0.00256047780560011	0.00129919758389461	0.000394003962918046	0.000404670772560549	0.000306079664313854	0.000425940675007273	0.000367104042038574
78	-0.00140916965957292	0.000841947925983703	0.00176679361191203	0.00270999502147425	0.000727663179701006	0.000393903923941322	0.00040460692985264	0.000306045969525911	0.000425887581595887	0.000367088324152339
79	-0.00147712598820523	0.000792661498008079	0.00196564354196377	0.00233413549593435	0.000511016552611594	0.000393821622701343	0.000404541748536138	0.000306024871471679	0.000425817821854996	0.000367057897506558
80	-0.00156184723555009	0.00125922638594951	0.00231881027562181	0.00184480790673837	0.000777018980260105	0.0003937402967976	0.000404464712843975	0.000305970465283452	0.000425765812613206	0.000367035842902735
81	-0.00154870487441381	0.00130643293947018	0.00218195434609382	0.00193584091753691	3.0931124203302e-05	0.000393681219356975	0.000404384486762219	0.000305913782666991	0.000425675373347856	0.000366988326895214
82	-0.0018102345827145	0.00169455697972561	0.00212925801691169	0.00196000950609861	0.00042208357776396	0.000393627224403707	0.000404292054034133	0.000305861314837908	0.000425541377175137	0.000366981039658473
83	-0.00164464957389157	0.00120694494079145	0.00193490600297315	0.00217502136529965	0.00120617009454264	0.000393569587846103	0.000404215801924336	0.000305808585102596	0.000425408628711197	0.000366886666375505
84	-0.00146563547769266	0.000492325650862082	0.00216259663130061	0.00264756620736312	0.000724361269219159	0.000393520785991487	0.000404143898683086	0.000305746150762185	0.000425259738470917	0.000366872419017611
85	-0.00162288427209823	0.000458806928180482	0.00273622134611765	0.00206971882855677	0.00056786493620189	0.00039350828001122	0.000404071891028666	0.000305645873700141	0.000425050666510795	0.00036683112133106
86	-0.00146836611870865	0.000376589477377957	0.00274167391409297	0.0022978840246556	0.00100660577020222	0.000393492110042983	0.000403991985202774	0.000305523724924179	0.000424825074242581	0.000366803997342342
87	-0.00122447247828654	0.000426459944497974	0.00218942348936062	0.00245634078674359	0.000482074336508703	0.00039346660276873	0.000403916348243343	0.000305428808256721	0.00042450295800716	0.000366756258524595
88	-0.00112016918739191	0.000291541033436797	0.00225627657741042	0.00232343260993928	0.000765720036439605	0.000393436666909342	0.000403836833309008	0.000305310302135753	0.000424138088464054	0.000366733718485778
89	-0.00168810004337017	-9.0094998216363e-06	0.00265832511408514	0.00221508071745202	0.00107820358528959	0.000393405883045977	0.000403747088107632	0.000305185532387553	0.000423799773698028	0.00036671448276649
90	-0.00145859637129651	5.11235016319293e-05	0.00238849657596006	0.00204347098979946	0.000898525030934996	0.000393440743484547	0.000403656872541887	0.000305071833986292	0.000423364474518604	0.000366693529713223
91	-0.00115676081522005	0.000370543072882774	0.00184215701428477	0.00201398232739959	-0.000187681023192853	0.000393489351246992	0.000403550409866604	0.000304944533636315	0.000422989703847078	0.000366678582639604
92	-0.00132644085007448	0.000436359325701244	0.00193574704799164	0.00230907664560718	8.5077108321028e-05	0.000393493534244292	0.000403435065227435	0.000304796477821131	0.000422646115937022	0.000366668266574955
93	-0.00162691891139899	-0.000203589988859028	0.00173383297276391	0.00210282352474203	0.000538830049975044	0.000393459671262271	0.000403318984543534	0.000304657950461555	0.000422239416039937	0.00036659839324058
94	-0.00188719309656338	-0.000133781436562395	0.0019444982492758	0.00267783257130441	5.88603635725382e-05	0.000393420686483442	0.000403194579347147	0.000304508311112676	0.000421919824286651	0.00036649536355885
95	-0.00158541421640227	0.00034600511439571	0.0015803194197698	0.00308471911584555	-9.70760132959557e-06	0.000393383573537056	0.000403063686707399	0.000304339582596805	0.000421512228897458	0.000366373303161364
96	-0.00141663017876601	0.00100122570154257	0.00148251159374162	0.00298616505798365	0.000105868035615339	0.000393350546180583	0.000402900012312981	0.000304125741416554	0.000421072753258095	0.000366230043920806
97	-0.0014217986892206	0.000566663921308853	0.00129529881762474	0.0022579495323358	0.000287100614856671	0.000393307629322528	0.000402732650287484	0.000303889115568632	0.000420535062567071	0.000365979705931662
98	-0.00179023120700257	0.000116759469995522	0.0013361897090745	0.00234013824531444	0.000864553855038727	0.000393240476689051	0.00040253159384833	0.000303619316334136	0.00041994903029869	0.000365699317172657
99	-0.00159986628464326	0.000292406618603591	0.00124412737303251	0.00250427717601032	0.000742519776254892	0.000393160991264236	0.000402242268075862	0.00030330847259583	0.000419227092153028	0.00036532250929697
100	-0.0015047981735736	0.00026488597987529	0.00107580171283633	0.00335757792486192	0.00120693405861436	0.000393072854357687	0.000402108392515711	0.00030291235093702	0.000418197839686722	0.000363347228573418
