lagtime	RRD_p|all	se_p|all
0.333333333333333	0.000374975535714171	3.07017852994895e-05
1	0.00071751844942888	2.68801737399443e-05
2	0.00132880314982207	3.74318333298139e-05
3	0.00203857487063487	4.68537527810153e-05
4	0.00273993579866917	5.52310712486289e-05
5	0.00301555166678969	6.26551331805869e-05
6	0.00305806522935017	6.91382851079088e-05
7	0.00313413547815425	7.48101162639974e-05
8	0.00324727495750847	7.9807089741033e-05
9	0.0035882449023276	8.42441484005894e-05
10	0.00408740489176436	8.81527144574976e-05
11	0.00450339130367918	9.15660995840166e-05
12	0.00479930216758724	9.45693823301529e-05
13	0.0049744992198367	9.72284324782503e-05
14	0.00496769054978732	9.96026069152328e-05
15	0.00501625278899796	0.000101712655441069
16	0.00502034585387792	0.000103582430079487
17	0.00494072452483781	0.000105226979800391
18	0.00478385576681974	0.000106681963943189
19	0.00470358267983095	0.000107963756276764
20	0.00463805742851054	0.000109114563314243
21	0.0046122745742458	0.000110130058057134
22	0.00446329010107632	0.000111019980275786
23	0.00431327321092379	0.000111800196089455
24	0.00415055548522497	0.000112456101308934
25	0.00398137616533457	0.000113013027726363
26	0.00385522048144171	0.000113500774586168
27	0.00375097680336545	0.000113927333681457
28	0.00370806157258594	0.000114309277773309
29	0.00367367471211844	0.000114655318581768
30	0.0036087797127976	0.000114977860194471
31	0.00354482570117619	0.000115271013395097
32	0.00343074930981202	0.000115527796305142
33	0.00332280985112436	0.000115751428058405
34	0.00317765606282113	0.000115944482106757
35	0.00301771052831719	0.000116110312137323
36	0.00288988426795235	0.000116250105381403
37	0.00279551649342369	0.000116363386731581
38	0.00271103900635382	0.00011647157949577
39	0.00266740064514978	0.000116550931834543
40	0.00261311358054673	0.000116610161975103
41	0.00256095784919886	0.000116647694177133
42	0.00247508947972238	0.00011667979349875
43	0.00238330201312247	0.000116713386489926
44	0.00230776907534258	0.000116752621685126
45	0.00222173458607063	0.000116801707860871
46	0.00214897061880498	0.000116855852124819
47	0.00204611356068828	0.000116903355948675
48	0.00193526279667031	0.000116950948765991
49	0.00185137790768621	0.000116989766582671
50	0.0017707246160786	0.000117027991969508
51	0.00168917928826538	0.00011707240358559
52	0.00161634579440507	0.000117110745285036
53	0.00156944952881522	0.000117147932203077
54	0.0015576389217514	0.000117179889716017
55	0.00154219904059145	0.000117210184768537
56	0.00146429269964761	0.000117242514119799
57	0.00146051005830009	0.000117281392366195
58	0.0014725827539753	0.000117322674493691
59	0.00140435612492538	0.000117363780185742
60	0.00131538427006916	0.000117401829709911
61	0.00121800475862087	0.000117433874753463
62	0.00115283326534806	0.000117460017030923
63	0.00109237606667401	0.000117476759113009
64	0.00105036286398057	0.000117491892996623
65	0.00108874425850211	0.00011750809236554
66	0.00113859297915539	0.00011752316199665
67	0.00115401921830438	0.000117540161554484
68	0.00111726281245178	0.000117562219196356
69	0.00109914092040663	0.000117583913515169
70	0.00108113633003457	0.00011761158963803
71	0.00106133303220717	0.000117642185129586
72	0.00104239971586527	0.000117673383459233
73	0.00101238179124756	0.000117703265560469
74	0.000988464909621261	0.000117729070936256
75	0.000956834207023458	0.000117751167336244
76	0.00096414586853291	0.000117776281624453
77	0.00096577262472805	0.000117799713586236
78	0.000926794170803411	0.000117820673237827
79	0.000889511169996955	0.000117840861648295
80	0.000861227978018332	0.000117865092977169
81	0.000849461545864828	0.000117895961421361
82	0.000884684150649354	0.000117930569466447
83	0.000863706236606424	0.000117967401496768
84	0.000800565197421707	0.000118006112990051
85	0.000738191643723122	0.000118044134616098
86	0.000692693108508838	0.000118083073909085
87	0.000643579411786459	0.000118124312447123
88	0.000605003929254067	0.000118189818246029
89	0.000660633842751178	0.000118278031007648
90	0.000798355693294036	0.000118376825407072
91	0.000845565019188248	0.00011847594633538
92	0.000862763274524196	0.000118575764614521
93	0.000849619318777	0.000118671455263244
94	0.000846363273457359	0.000118759927814585
95	0.000828853733196587	0.000118840712928889
96	0.000825845352884099	0.00011891105633682
97	0.000773076243072803	0.000118970265390766
98	0.000726627756627198	0.000119019950823682
99	0.000680457529645351	0.000119061485515307
100	0.000658229441254392	0.000119098868939929
101	0.000626849843206433	0.000119140038819317
102	0.000561307457374728	0.000119174973628829
103	0.000520751159004928	0.000119200877122987
104	0.00050430976712266	0.000119223053281177
105	0.000487869073166762	0.000119242197102345
106	0.000466110873670745	0.000119257903319024
107	0.000434833351839706	0.000119266874962379
108	0.000418649477996607	0.000119265351720202
109	0.00041816259996695	0.00011926154071979
110	0.000411628017933802	0.00011926639468099
111	0.000399548976030079	0.000119297139355078
112	0.000390557523884076	0.00011935362760188
113	0.000410877727025384	0.000119429492780806
114	0.000410127758635103	0.0001195170396256
115	0.000399885852443911	0.000119608691190079
116	0.000382734215969216	0.00011970206179755
117	0.000367852315951154	0.000119794237334643
118	0.000353647331079241	0.000119865385211724
119	0.000352202207838745	0.000119923563122045
120	0.000371694970226347	0.000119967496335798
121	0.000352319060631579	0.000119999498081616
122	0.00035960701714142	0.000120031418776482
123	0.000375589646204947	0.00012005843058107
124	0.000398280509145876	0.00012008874880657
125	0.000384550143275958	0.000120118765717728
126	0.000364351857016555	0.000120150113925854
127	0.000369121507157556	0.000120172429404517
128	0.000358695776686913	0.000120194307694445
129	0.000377687341351981	0.000120219721641044
130	0.000373359333204167	0.000120245940969578
131	0.000383909724334924	0.000120270566702725
132	0.000371823946970567	0.000120297527634147
133	0.000359611508410952	0.000120317434742308
134	0.000371858948192931	0.000120337361392799
135	0.000365577742451796	0.000120357411481526
136	0.000417561456612298	0.000120378104619372
137	0.000405152412727483	0.000120397471134035
138	0.000388844381347481	0.000120417002807051
139	0.000373266703967238	0.000120438219163553
140	0.000337184942702849	0.000120458779072389
141	0.000332732916443366	0.000120482283774653
142	0.000348545932403502	0.000120505776037731
143	0.000350881474690351	0.00012052696205669
144	0.00036643849678316	0.000120543162191848
145	0.000356658743429024	0.000120550104678259
146	0.000351752717769065	0.000120551757968984
147	0.000346706698148451	0.000120551621423288
148	0.00033946771900692	0.00012055085587784
149	0.000332706325433242	0.000120547461897665
150	0.000337291219674108	0.000120554973584425
151	0.000338522063269793	0.000120566696026854
152	0.000320976137354973	0.000120580673058434
153	0.000316958943966442	0.00012059629924641
154	0.000312662502657134	0.000120618416777042
155	0.000327647596457977	0.000120648272210856
156	0.000352091167771174	0.000120681250959648
157	0.000355856212144429	0.000120712173878338
158	0.000370209189502845	0.000120736638086666
159	0.000378365665202757	0.000120754981169461
160	0.000372024935209026	0.000120763649702551
161	0.000377616473948075	0.000120769841944821
162	0.000373923597704956	0.000120779739990557
163	0.000374208261368722	0.000120787755831944
164	0.000397288896982461	0.000120789525890733
165	0.000417863532982608	0.000120764410070471
166	0.000403056304979004	0.00012072753480521
167	0.000373133407175901	0.000120656127855113
168	0.000354016864506171	0.000120515014550876
