lagtime	wtd_avg_RRD_p|all	se_p|all
0.333333333333333	0.000789933490946357	0.000140303658693401
1	0.0105302965922373	8.40702693462502e-05
2	0.0351452205062221	8.99286425931874e-05
3	0.0362060712930253	9.42676752379059e-05
4	0.0305336782658904	9.58556056109349e-05
5	0.0250292637138461	9.54985670257181e-05
6	0.0205944861128715	9.45784860955097e-05
7	0.0175018894667869	9.37143975427517e-05
8	0.0150657619676573	9.27706969594201e-05
9	0.0133237863164822	9.17989199445915e-05
10	0.0118105574912525	9.08211684139597e-05
11	0.0105763637362188	8.98020428470156e-05
12	0.00989921887504164	8.88221992806262e-05
13	0.00923181269242457	8.79637461675495e-05
14	0.00860422123253049	8.71888707457586e-05
15	0.00805353724366676	8.64749393124815e-05
16	0.00764410864023489	8.59042309870332e-05
17	0.00729933165978135	8.53938269361028e-05
18	0.00692325867191467	8.49080861527868e-05
19	0.00661761140887784	8.44342905646161e-05
20	0.00640313640919384	8.40357362814553e-05
21	0.00628687101041792	8.36508063076664e-05
22	0.00601560087309487	8.33270038257652e-05
23	0.00566443602776999	8.30477195186654e-05
24	0.00558783447992583	8.27461018509729e-05
25	0.0053754489320571	8.25163003671162e-05
26	0.00521333044332567	8.23369462478719e-05
27	0.00508686347659766	8.21325845815819e-05
28	0.00487764360224019	8.1917787606545e-05
29	0.00481079115222444	8.17150088163517e-05
30	0.00462887818790545	8.15276344623451e-05
31	0.00440054840119179	8.13331788715204e-05
32	0.0042728671684275	8.11199812390539e-05
33	0.00420564925187763	8.09734238788404e-05
34	0.00409923603890461	8.08129544974471e-05
35	0.00416838524850814	8.0662564492719e-05
36	0.00409872238920411	8.05303791838067e-05
37	0.00398143971330205	8.04057314498321e-05
38	0.00376805872321494	8.03222551583967e-05
39	0.00372117720595201	8.02005908297147e-05
40	0.00361385005246066	8.00881546829319e-05
41	0.00355402454087187	7.99996498109475e-05
42	0.00346425827916146	7.99149260683054e-05
43	0.00346085605576466	7.98172686081837e-05
44	0.00328522143650089	7.97302014816452e-05
45	0.00321930553439482	7.96262945513366e-05
46	0.00318750746608433	7.95756922440342e-05
47	0.00315373347314509	7.9495173350748e-05
48	0.00307041816157876	7.94244749082463e-05
49	0.00302022875369106	7.933187366119e-05
50	0.00290377877970372	7.92524237525617e-05
51	0.00285811346736156	7.91667256508246e-05
52	0.00289922401332505	7.90796526287788e-05
53	0.00279817241294464	7.90195984029795e-05
54	0.00270962280663481	7.89710751135339e-05
55	0.00267820517935112	7.89074534840506e-05
56	0.00270689863693655	7.88367598797896e-05
57	0.00264584168683825	7.87861905566331e-05
58	0.00255256942722536	7.87217847488438e-05
59	0.00254745318100326	7.86650409700509e-05
60	0.00257434023032569	7.86239689771541e-05
61	0.00258419133326261	7.85681698555565e-05
62	0.00247162159779264	7.8502176609839e-05
63	0.00230767600774044	7.84483104362052e-05
64	0.00233608628465146	7.84146131181727e-05
65	0.00231881719958316	7.83468578052319e-05
66	0.0022372096590067	7.82963379411388e-05
67	0.00216638931509191	7.82704732274607e-05
68	0.00201741767047789	7.82168904087856e-05
69	0.00210536175187073	7.81515915645342e-05
70	0.00221550324075707	7.81127038456797e-05
71	0.0021389669323958	7.80789877195858e-05
72	0.00204479760882253	7.80164699714649e-05
73	0.0020692870314852	7.79622566527039e-05
74	0.00206909837831347	7.79493081745088e-05
75	0.00207048091866373	7.79727683834206e-05
76	0.00194543499165166	7.79477662094539e-05
77	0.00181600319892668	7.78969528233269e-05
78	0.00173949592020029	7.78334780463267e-05
79	0.00177634956759548	7.78087669352632e-05
80	0.0018079302010703	7.77294431432592e-05
81	0.00175312424513767	7.76880498029114e-05
82	0.00183690543945347	7.76413124790005e-05
83	0.0017399816320601	7.76011128411419e-05
84	0.00171467454632576	7.75560660402626e-05
85	0.00160073862637324	7.75135348472234e-05
86	0.00168537898309222	7.74675548479273e-05
87	0.00171686275853098	7.74316502094957e-05
88	0.00159680171939327	7.7420422588251e-05
89	0.00165502502431852	7.73725962068808e-05
90	0.00159959713973181	7.73601310727776e-05
91	0.00163108371658387	7.73478884829493e-05
92	0.00165674483170253	7.73213551175811e-05
93	0.00155742193128724	7.72940605885821e-05
94	0.0015440171090682	7.72360682644944e-05
95	0.00152703626430166	7.72211438664787e-05
96	0.00158823577491538	7.71924549577292e-05
97	0.00158925830700593	7.71901079526752e-05
98	0.0014999406942433	7.71557424461343e-05
99	0.00149195796704159	7.71254175480296e-05
100	0.00146722343299058	7.71327132836123e-05
101	0.00146123199525623	7.70989880922332e-05
102	0.00136389491780566	7.70551240640824e-05
103	0.0014386193059948	7.70113367590216e-05
104	0.00137645697379479	7.6955169993231e-05
105	0.00130147482939383	7.69253313579372e-05
106	0.00132119248782562	7.68938273057663e-05
107	0.00133504570200145	7.68766561638335e-05
108	0.00127744646195613	7.68626502190729e-05
109	0.00122466040442603	7.68670979881746e-05
110	0.00125802895592554	7.68744773935716e-05
111	0.00125685127030886	7.68882860833231e-05
112	0.0012476811721366	7.68578612745211e-05
113	0.00124927439234986	7.68148639985021e-05
114	0.00130835119967369	7.67542879148789e-05
115	0.0012650706201274	7.67153018657782e-05
116	0.00138148610244656	7.6697568729411e-05
117	0.0014105576652118	7.66610853768825e-05
118	0.00133922258674708	7.66440420305855e-05
119	0.00121843454653029	7.66559060573411e-05
120	0.00122318071241111	7.66730605041581e-05
121	0.00115969968103291	7.66925819074287e-05
122	0.00112054553579495	7.67225009069979e-05
123	0.00115467634834339	7.67154761326087e-05
124	0.00120167540615321	7.66805981493787e-05
125	0.00122627031620101	7.66319019262555e-05
126	0.00122830578300728	7.66049144284733e-05
127	0.00123773988364671	7.65944979480349e-05
128	0.00123215539519278	7.65285075037747e-05
129	0.00114499378153692	7.64725602137555e-05
130	0.00107433565368314	7.64421351576072e-05
131	0.00111647198853316	7.63952795195497e-05
132	0.00106438066127084	7.6379026919975e-05
133	0.00103773238877565	7.63573632268851e-05
134	0.00098312658217246	7.63262645025252e-05
135	0.00104159538269828	7.63375477107462e-05
136	0.00100810490308961	7.63343886650119e-05
137	0.000929849674917093	7.63452702225431e-05
138	0.000977396193231036	7.63296241990554e-05
139	0.000980562754413994	7.63167338606925e-05
140	0.00110973324848726	7.62990991179427e-05
141	0.00117733935759757	7.62757635963206e-05
142	0.00112936827578103	7.62512264688009e-05
143	0.0011130266878855	7.62431025004875e-05
144	0.00102358250083441	7.62432672977288e-05
145	0.00100514732050216	7.6211635759849e-05
146	0.00094232038954986	7.61734635464607e-05
147	0.00088385960553108	7.61957652491737e-05
148	0.000901569423727229	7.61890458966005e-05
149	0.000914125533750782	7.61758491969477e-05
150	0.000933675552192044	7.618181758075e-05
151	0.000871396612740315	7.61849636808162e-05
152	0.000912714416765994	7.62079561529172e-05
153	0.000984675237618696	7.61965356269919e-05
154	0.00105972327389466	7.6183396478495e-05
155	0.00087540690023667	7.61618190842818e-05
156	0.000780218521338187	7.61493119906026e-05
157	0.00085577773436732	7.61460865265966e-05
158	0.000933950401139326	7.61437849645113e-05
159	0.000883435184164284	7.61469863207361e-05
160	0.000867790976315722	7.61310794765031e-05
161	0.00093013882139978	7.61025251286029e-05
162	0.000950249380513179	7.60762825496249e-05
163	0.000973727244607475	7.60622761177227e-05
164	0.000932267766605297	7.60138167195501e-05
165	0.000931803753208869	7.59872130478381e-05
166	0.000812129534517517	7.5944537006285e-05
167	0.000809944862836971	7.59088287177729e-05
168	0.000820949985509298	7.5901790110427e-05
169	0.000805992156451085	7.59004478402477e-05
170	0.000831263456557091	7.58641105795944e-05
171	0.000819378667625987	7.58405392000754e-05
172	0.00076599110085949	7.58057944563268e-05
173	0.000711498938670156	7.57818415792371e-05
174	0.000690819230325029	7.57812632422382e-05
175	0.000755549331003291	7.57873654903455e-05
176	0.000902739516300177	7.57857061477189e-05
177	0.000811083363606703	7.57973644156628e-05
178	0.000727572630427763	7.58193393641645e-05
179	0.000709066284125775	7.58150324575381e-05
180	0.000749760667340387	7.58090021477628e-05
181	0.000737825578649724	7.58291971272253e-05
182	0.000789486528044899	7.58397966282522e-05
183	0.000799547832495826	7.58333769125418e-05
184	0.000815330025853346	7.57927180074876e-05
185	0.000791385696071825	7.57697293510795e-05
186	0.000840106161133865	7.57572914758785e-05
187	0.000813585410116886	7.5736675657404e-05
188	0.000789576386844616	7.56855052390692e-05
189	0.000734660204569141	7.56616931038546e-05
190	0.000764429403425127	7.56553927303158e-05
191	0.000819322345211858	7.56619635192991e-05
192	0.000877830901653665	7.56555087529781e-05
193	0.000778083200644905	7.56338583985393e-05
194	0.000734707914459285	7.56291458573368e-05
195	0.000748904118341086	7.56161824765836e-05
196	0.000805647000383563	7.56032930301498e-05
197	0.000718111544098871	7.55941119922201e-05
198	0.000622723818973737	7.56143617453204e-05
199	0.000634141438873588	7.56288909050655e-05
200	0.000642828334468756	7.56481221540123e-05
201	0.00068575194324935	7.56354403692478e-05
202	0.000640143954556228	7.56594342821352e-05
203	0.000581164445165077	7.56621517010348e-05
204	0.000652260058213176	7.56671389097871e-05
205	0.000646539995754803	7.56779794381627e-05
206	0.000544754337809798	7.56683072790932e-05
207	0.000537664139368868	7.56212706258666e-05
208	0.000630180938050212	7.55935270921283e-05
209	0.000666626836467556	7.55865239332693e-05
210	0.000670354765140132	7.55813671470853e-05
211	0.000696777571290835	7.55913364954807e-05
212	0.00076356552157321	7.56087245247874e-05
213	0.000752402437456718	7.56177060137904e-05
214	0.000698043305447275	7.56303186898185e-05
215	0.000605770947676028	7.56338035848387e-05
216	0.000591520529321571	7.56568823405451e-05
217	0.000529770367455888	7.56562994395808e-05
218	0.000632511994091847	7.56350584452029e-05
219	0.000639044802319442	7.56087837523383e-05
220	0.000639289596805254	7.55795934398404e-05
221	0.000592795108288181	7.5551116144818e-05
222	0.000576774242389634	7.552217261159e-05
223	0.000623964625366812	7.54972275889432e-05
224	0.000733070317510232	7.54979576376852e-05
225	0.000675734518531527	7.55144688378473e-05
226	0.000619253726307215	7.54983637722054e-05
227	0.000512055110689961	7.54737730777847e-05
228	0.000549883220518386	7.54699561185733e-05
229	0.000482153531819392	7.5456052650481e-05
230	0.000554107059371468	7.54547857331323e-05
231	0.00054515641496671	7.54637469163247e-05
232	0.000543865308471376	7.54772239295596e-05
233	0.000597178874138679	7.55143473178974e-05
234	0.000496409162565914	7.54988820193333e-05
235	0.000655610446121173	7.54741005398426e-05
236	0.000720144598750675	7.54742846282651e-05
237	0.000667485813373323	7.54674297438828e-05
238	0.00060888546419793	7.54745087783147e-05
239	0.000635509644975066	7.54702319210381e-05
240	0.000615318214965524	7.54596094456742e-05
241	0.000632449676870984	7.54429482404511e-05
242	0.000642555831616969	7.54429803733004e-05
243	0.000567468408400034	7.54376663281483e-05
244	0.000500994248196852	7.54440902555283e-05
245	0.000517701911644598	7.54531751841689e-05
246	0.000526414810991514	7.54635760760455e-05
247	0.000643301461839608	7.54422757750742e-05
248	0.000559784061401061	7.54289785167224e-05
249	0.000469823659612441	7.54707962965066e-05
250	0.000498298477655352	7.54917513422554e-05
251	0.00049582457571184	7.55012149341209e-05
252	0.000510910575047573	7.54845559082065e-05
253	0.000560824336657722	7.54771864997457e-05
254	0.000606653707872875	7.54790336198657e-05
255	0.000597084852673003	7.54567493321834e-05
256	0.000524231858296932	7.54616702457295e-05
257	0.000473078227543868	7.54581523921581e-05
258	0.000540436166131717	7.54370529502666e-05
259	0.000564338709386067	7.54192204707846e-05
260	0.000479385746267819	7.54191788446663e-05
261	0.00038896302319815	7.54129997506104e-05
262	0.000384850919625275	7.54049375368723e-05
263	0.000477067593928479	7.54065781041462e-05
264	0.000536267681829412	7.53807804654338e-05
265	0.000595132727147399	7.53737676339494e-05
266	0.000564435757423299	7.53451608581185e-05
267	0.000571463491157485	7.53400419855838e-05
268	0.000490722249399099	7.53375295973373e-05
269	0.000475162347807327	7.53172646804166e-05
270	0.000466233024273513	7.5283217823351e-05
271	0.000440090567415191	7.5252545250798e-05
272	0.000460277105971138	7.52347163661536e-05
273	0.00047581022408763	7.52574533178369e-05
274	0.000502931801318213	7.526832559531e-05
275	0.000393036769410771	7.52704923828116e-05
276	0.000331267441582684	7.52882999418473e-05
277	0.000395498032048021	7.52938137137482e-05
278	0.000385354885852428	7.52964298615692e-05
279	0.000418964721117017	7.529414001895e-05
280	0.000501186830868574	7.52986094424178e-05
281	0.000463747600846938	7.53402442122337e-05
282	0.000429775313743852	7.53723283338934e-05
283	0.000412655041189759	7.53913497495664e-05
284	0.000383268312037647	7.54129312099801e-05
285	0.00050696536522843	7.54219294316929e-05
286	0.000456854971069981	7.5408030748276e-05
287	0.000457081157253061	7.53998954337442e-05
288	0.00035152950656656	7.54069034666958e-05
289	0.00044080531608662	7.54086382725659e-05
290	0.000333708884468963	7.54065619506385e-05
291	0.000238368486228524	7.5415040606156e-05
292	0.000254882907573119	7.54111041852141e-05
293	0.000368647513541811	7.53959775179571e-05
294	0.000427418651931439	7.53812517968637e-05
295	0.000369964444741551	7.53464866793351e-05
296	0.000413519386517759	7.53171746327732e-05
297	0.000366468335755668	7.5297204033561e-05
298	0.000451385546903972	7.5290066877219e-05
299	0.000434311280156304	7.52632893392897e-05
300	0.000347411685114545	7.52801499873703e-05
301	0.000338704611873302	7.52964888166596e-05
302	0.000306455557874052	7.5316203776577e-05
303	0.000329743420628841	7.53332304279433e-05
304	0.000423792586662028	7.53101967445132e-05
305	0.000467873864555048	7.52990227516663e-05
306	0.000437250244018437	7.53003527878519e-05
307	0.000364053585991287	7.53000610375865e-05
308	0.000337432591545632	7.53000591014112e-05
309	0.000325956041192138	7.52968586635089e-05
310	0.000353669169572548	7.53310262599918e-05
311	0.000312183222711408	7.53467195094696e-05
312	0.000269578298172409	7.53456847146058e-05
313	0.000280512033579812	7.53469110552764e-05
314	0.00030317821485123	7.53686761505848e-05
315	0.000368464008643326	7.54118741186762e-05
316	0.00035522495776778	7.54112381871643e-05
317	0.000333394765999771	7.54094314003593e-05
318	0.000351446275719972	7.54011604377173e-05
319	0.000356758815689211	7.53885048018827e-05
320	0.000262230795643403	7.5382491590149e-05
321	0.000315486970355662	7.53788493070066e-05
322	0.000295879592769996	7.539851377804e-05
323	0.000303165323880948	7.54026745576913e-05
324	0.000388780723307065	7.54074482710087e-05
325	0.000392951631969601	7.54071318670319e-05
326	0.000291319770290719	7.54290703869595e-05
327	0.000290134361689081	7.53974189275584e-05
328	0.000394373089184372	7.53869480226836e-05
329	0.000383097790527912	7.53737648088646e-05
330	0.000368376659870094	7.53442410501353e-05
331	0.000338749544836109	7.53025516170064e-05
332	0.000333846471640236	7.52762944791698e-05
333	0.000353533511306335	7.52409925976055e-05
334	0.000339788201786041	7.52255879430471e-05
335	0.000353803108524764	7.5194334314051e-05
336	0.000313742816157612	7.51600266993558e-05
337	0.000368650020060035	7.51467607913353e-05
338	0.000375082820143657	7.5161619146956e-05
339	0.000350814620179238	7.51853986416361e-05
340	0.000331556012619485	7.52111799945224e-05
341	0.000345138828808988	7.52358048648486e-05
342	0.000343532986432222	7.52560881907249e-05
343	0.000357984187056813	7.52889604561939e-05
344	0.000321439404907391	7.53206769195631e-05
345	0.000315997939331255	7.53092244775019e-05
346	0.000288619420917419	7.52787853814287e-05
347	0.000272016697702542	7.52243893058369e-05
348	0.00025945900434717	7.51919479457802e-05
349	0.000342149901279184	7.51363185721125e-05
350	0.000360283885409229	7.51351640989731e-05
351	0.000410406860392319	7.51282940242001e-05
352	0.000364213669836838	7.5143537111748e-05
353	0.000425821941332613	7.51370789788591e-05
354	0.000356974372738983	7.51256695728613e-05
355	0.000320106216891883	7.51404075047494e-05
356	0.000352122910029347	7.51661805636362e-05
357	0.000404956120718823	7.51470200362286e-05
358	0.000293927652866357	7.51201571268756e-05
359	0.000274575426512707	7.51362601399744e-05
360	0.000300560293914107	7.51537707944418e-05
361	0.000342544278335665	7.51813472080986e-05
362	0.000270473179401759	7.5203517563985e-05
363	0.000278959359549084	7.5215925948487e-05
364	0.000277302427365874	7.52152530185211e-05
365	0.00034910234661215	7.52351711471777e-05
366	0.0002554806289152	7.52503373822347e-05
367	0.000184016035424905	7.52278992056357e-05
368	0.000264475804769564	7.52095125081256e-05
369	0.000299134589418969	7.52059902348855e-05
370	0.000303755264753333	7.52201820423578e-05
371	0.000304756655429557	7.52300293870031e-05
372	0.000278272090877069	7.5198831237527e-05
373	0.00027867676150529	7.51785457954055e-05
374	0.000311079509850253	7.51664458254821e-05
375	0.000326619865279536	7.51705843305456e-05
376	0.00040130393716245	7.51636649055925e-05
377	0.000294008589886344	7.51684898698642e-05
378	0.000233460500119285	7.51723537498462e-05
379	0.000288326784352851	7.51800480429376e-05
380	0.000262196029255243	7.51925985673448e-05
381	0.000253348942319481	7.52084825906189e-05
382	0.000296270518223303	7.52127390355714e-05
383	0.000172668286766726	7.52132276598316e-05
384	0.000261642652715775	7.52159571025811e-05
385	0.000316489631789853	7.52225373659571e-05
386	0.000300538112532218	7.52246823554962e-05
387	0.000274409711726586	7.52346419031264e-05
388	0.000233994768657832	7.52298641531667e-05
389	0.000267635450859024	7.52134047752477e-05
390	0.000198430825436322	7.51966616181539e-05
391	0.000177808211899995	7.51830313002233e-05
392	0.000189392258616395	7.52291902828311e-05
393	0.000239580781203825	7.52413057901112e-05
394	0.000302910792352795	7.5246629261401e-05
395	0.000310104665709077	7.52415006590191e-05
396	0.000298034817345328	7.52442328670486e-05
397	0.000266457911086345	7.52685854761158e-05
398	0.000325546046787163	7.5286936792269e-05
399	0.000309629170236587	7.52758818678648e-05
400	0.000270106723551729	7.53072694577941e-05
401	0.000283464596118821	7.52921839933876e-05
402	0.000372612111750999	7.52674934741193e-05
403	0.000272627221066348	7.52705201202396e-05
404	0.000203701813941026	7.52745438177377e-05
405	0.000165848148763064	7.52855488828059e-05
406	0.000205348398291162	7.52884200269786e-05
407	0.000212945781574377	7.52727821687649e-05
408	0.000204271994734831	7.52583277969056e-05
409	0.000295664201430625	7.52691919677168e-05
410	0.000282759039708067	7.52842255915294e-05
411	0.000270566498910202	7.52818242576674e-05
412	0.000247737699645003	7.52750159379476e-05
413	0.000248166448805275	7.52522032334714e-05
414	0.000265082060098123	7.52582948880025e-05
415	0.000228538698059165	7.5257240963519e-05
416	0.000232532902826373	7.52448852860474e-05
417	0.000234682531996469	7.52423507022321e-05
418	0.000245134528272485	7.52552346354694e-05
419	0.000195380990691009	7.52720453365365e-05
420	0.00017976898623995	7.52915999720629e-05
421	0.000195993409573796	7.52767387759347e-05
422	0.000251702506937702	7.52554419626621e-05
423	0.000265332778207273	7.52518659538969e-05
424	0.000172318533767625	7.52798642356454e-05
425	0.000220026091264214	7.53170109457713e-05
426	0.000275169461377319	7.53285595488801e-05
427	0.00028224448849323	7.5327655883719e-05
428	0.000191991251890702	7.53442890499651e-05
429	0.000155244315311529	7.53519155645331e-05
430	0.00021328702753615	7.53484907285484e-05
431	0.000198408891565666	7.53755640587453e-05
432	0.000259938581390912	7.5405269780184e-05
433	0.000301259681787886	7.54342095508823e-05
434	0.000247881017868704	7.54559560403316e-05
435	0.000141773293699989	7.54640948670365e-05
436	0.00016984468110663	7.54934378731264e-05
437	0.000219972428492619	7.55277439867627e-05
438	0.000161712768946982	7.55150459903609e-05
439	0.000241473082778282	7.54778645501355e-05
440	0.000222043751716881	7.54720230468801e-05
441	0.000233926233982888	7.54512141514652e-05
442	0.000134729774528171	7.54267860380874e-05
443	0.000127638909754909	7.54219718873854e-05
444	0.000237475981468883	7.54557729266774e-05
445	0.000276890875145485	7.54644785323538e-05
446	0.000256399400214663	7.54854926933563e-05
447	0.000241740108882974	7.54806837346153e-05
448	0.0002005045954825	7.5479173431518e-05
449	0.000288878813703166	7.54656036285126e-05
450	0.000366460233691729	7.54475018947795e-05
451	0.000245289252333136	7.54637498644928e-05
452	0.000223973107701797	7.54909385286434e-05
453	0.000155006498299866	7.55273481655568e-05
454	0.00019202213280489	7.55419486457874e-05
455	0.000191764344810081	7.5570460534475e-05
456	0.000177589730981222	7.5613493896974e-05
457	0.000174428554304104	7.56373831351879e-05
458	0.000233143568640996	7.56330695292146e-05
459	0.000246557603210854	7.5641387126544e-05
460	0.000199640291914349	7.56407709415238e-05
461	0.000169087512804127	7.56422772821749e-05
462	0.000136607926020172	7.56359486308501e-05
463	0.000207328360874533	7.5651960082815e-05
464	0.00032941150948919	7.56697198342425e-05
465	0.00025435606076325	7.56723128202903e-05
466	0.000167209104193905	7.5652429687118e-05
467	0.000222578662488353	7.56465457759558e-05
468	0.000149851087868994	7.56414093576673e-05
469	0.000147567695420912	7.56203217400002e-05
470	0.000177484324570123	7.56195322646625e-05
471	0.000147107210033406	7.56360212269907e-05
472	0.000218973371696491	7.56605814501521e-05
473	0.000279256883007873	7.56960002411692e-05
474	0.000215131059547909	7.57189813729531e-05
475	0.000228118908769232	7.57275737997985e-05
476	0.000274531330144912	7.57542545090332e-05
477	0.000196990254663624	7.57771461935835e-05
478	0.000169710318056898	7.57856801858542e-05
479	9.62221521677056e-05	7.57758295239681e-05
480	0.000144349801559943	7.57378518984198e-05
481	0.000167977562354742	7.56873599371302e-05
482	0.000153657853864254	7.56704840614139e-05
483	9.63101909153601e-05	7.56589857465093e-05
484	0.000152174180984327	7.56754960668256e-05
485	0.000170231696417942	7.56862987776765e-05
486	0.000168763515615144	7.56750709198387e-05
487	0.000119356778555184	7.56282141763509e-05
488	0.000114880115424612	7.56004247172365e-05
489	0.000128893049645601	7.56141864490789e-05
490	0.000187921479762716	7.56262077906321e-05
491	8.31572375276401e-05	7.56198738555161e-05
492	9.40472423188911e-05	7.56083849994149e-05
493	0.000262520150884523	7.56036998504951e-05
494	0.000159832626360504	7.56179833275156e-05
495	0.000139154990644768	7.56522403879738e-05
496	0.000149535472110234	7.56465796454781e-05
497	0.000125887544957087	7.56201732809107e-05
498	0.000181834878594642	7.55858920798616e-05
499	0.000265238995445206	7.55805194917225e-05
500	0.00023473376637316	7.55879055654487e-05
501	0.000164271314088623	7.56120351991076e-05
502	0.000150140792587758	7.56235114010137e-05
503	0.000179404003640513	7.56327267654331e-05
504	0.000174547855486306	7.56489272558219e-05
505	0.000107164530540544	7.56774495950468e-05
506	0.000145471061570803	7.56738901199548e-05
507	0.000191828949861492	7.56568766070485e-05
508	0.00019988621481789	7.5657063145997e-05
509	0.00024959839229085	7.56395162388326e-05
510	0.000262890348617787	7.56358873767795e-05
511	0.000189693736530538	7.5622520733506e-05
512	0.000181588390156947	7.56269008311227e-05
513	0.000137273665593281	7.56220327034151e-05
514	0.000151230661810461	7.56079640203094e-05
515	0.000155849018024491	7.55746100369353e-05
516	0.0002643318917625	7.55826356984284e-05
517	0.000212977442357245	7.56020131274698e-05
518	0.00017595056423112	7.56226574165467e-05
519	0.000125648500448398	7.56117204982851e-05
520	0.00010323707770381	7.561826335098e-05
521	0.000174591016501306	7.56266276711861e-05
522	0.000181294420341364	7.56374898189982e-05
523	0.000180445638982056	7.56187162404431e-05
524	0.000148783422381689	7.56097283193424e-05
525	0.00011434161146603	7.56247667308019e-05
526	8.91727602239051e-05	7.56354314179784e-05
527	0.00012812423417183	7.56274633172349e-05
528	4.56008266193655e-05	7.56204516351241e-05
529	5.65407510088744e-05	7.56273780492522e-05
530	0.000144106996496801	7.56370681632266e-05
531	0.000126461373127357	7.56556436254666e-05
532	0.000152134708221012	7.56880569578302e-05
533	0.000204261797887483	7.56829636110289e-05
534	0.000284013753835808	7.56833964338308e-05
535	0.000141923686481757	7.5662633792372e-05
536	0.000112290053926984	7.56543057001869e-05
537	8.04940220249473e-05	7.56407283576939e-05
538	0.000112716381794679	7.56577379784525e-05
539	0.000142391351142779	7.56752439901018e-05
540	0.000175196831684507	7.5691913660809e-05
541	0.00024059177472662	7.56812107111337e-05
542	0.000141794952166612	7.56597849996119e-05
543	9.42394912418327e-05	7.56444717725691e-05
544	0.000131361280329473	7.56438427958794e-05
545	7.03842788457051e-05	7.56459342748432e-05
546	0.000165103513331419	7.56488203523832e-05
547	0.000173010509563132	7.56405702546308e-05
548	0.0001177729277275	7.56437096172732e-05
549	0.000116077261613873	7.56529355653683e-05
550	0.000148856835196126	7.56600246556129e-05
551	0.000139885480066125	7.56815532574916e-05
552	0.000172306485517919	7.5719866380455e-05
553	0.000113338070750686	7.57459153308242e-05
554	0.000144720105599977	7.57627010380878e-05
555	0.000117342974412704	7.58126659396562e-05
556	0.000170218282783442	7.58209458586894e-05
557	0.000212451994528868	7.58127746087448e-05
558	0.000269355962413692	7.57971388776433e-05
559	0.000260412591562614	7.58023560078232e-05
560	0.000260283043065228	7.57866184019186e-05
561	0.000247075244948669	7.58013885492351e-05
562	0.000215263274437555	7.57811604821983e-05
563	0.000251474643102844	7.57883368769696e-05
564	0.000235564264809679	7.57473462903117e-05
565	0.000177283057104301	7.57280993653923e-05
566	0.000162258528353194	7.5698974863168e-05
567	0.000282294259678544	7.57097390010475e-05
568	0.00013442856717501	7.57404549189311e-05
569	0.000169539527720572	7.57620402958774e-05
570	0.00012445655381688	7.57549009603113e-05
571	0.000108721316878838	7.57670037468147e-05
572	0.000225246024216775	7.58005475164571e-05
573	0.000198121250290182	7.58137669458671e-05
574	0.000182159696358349	7.58259643063659e-05
575	8.46270652591361e-05	7.58303932226632e-05
576	0.000103348225913524	7.5848302666277e-05
577	0.000223328333995395	7.58475032463401e-05
578	0.000145785245289302	7.58289192484475e-05
579	0.000126911882664855	7.57897766233942e-05
580	0.000110762034301181	7.5769630757675e-05
581	9.20738598076464e-05	7.57328889740552e-05
582	0.000179612826246128	7.57261777834933e-05
583	0.000210347682242154	7.57160095242814e-05
584	0.000177551745449313	7.57231254208987e-05
585	0.000170764639958424	7.57136807676481e-05
586	8.10374484542926e-05	7.57164660381439e-05
587	6.30976842435479e-05	7.57110798954504e-05
588	1.55158502385634e-05	7.57497112383346e-05
589	9.4903046966603e-05	7.5776822762898e-05
590	0.000111495013115025	7.57639691927552e-05
591	8.00458166174186e-05	7.57539892334341e-05
592	2.64026032664639e-05	7.57454231399715e-05
593	1.98686796691838e-05	7.57423664545421e-05
594	0.000198157817700293	7.57442868316513e-05
595	0.000237498386033426	7.57738840133156e-05
596	0.000149773113396669	7.57832826789236e-05
597	0.000144440859180978	7.57725598347929e-05
598	0.00015724505272014	7.57417093139718e-05
599	0.00015282841926829	7.57451698855416e-05
600	0.000225956496110814	7.57711027584554e-05
601	0.000158200702821782	7.57954320358811e-05
602	0.000172824342053199	7.58120268511119e-05
603	0.000179985673719244	7.58095750087492e-05
604	0.000178166854604384	7.57944525707215e-05
605	0.000176650113071105	7.57736478018571e-05
606	0.000188290767769076	7.57439429148256e-05
607	0.000146033027573699	7.57037762020817e-05
608	0.000192074456471962	7.56856880215099e-05
609	0.000107517795966073	7.56736061563649e-05
610	0.000173818821315233	7.56668366736086e-05
611	0.000261830414417025	7.5693127057405e-05
612	0.000155062322245024	7.57199390401871e-05
613	0.000100529275752575	7.57430534737727e-05
614	0.000122758818213621	7.57455044485819e-05
615	0.000153018023822511	7.57192187756341e-05
616	7.86475933136836e-05	7.57459289554545e-05
617	8.77669862247827e-05	7.57639619863256e-05
618	0.00016052936013581	7.57816997622532e-05
619	0.000125628233934071	7.5771491931595e-05
620	7.64034168241818e-05	7.57523877333471e-05
621	8.24256409933563e-05	7.57459110225172e-05
622	9.72549456375322e-05	7.57649700154917e-05
623	0.000125042873342357	7.57618144645867e-05
624	0.000184559558311643	7.57486381950554e-05
625	0.000132989909323823	7.57438417921824e-05
626	6.46658588595505e-05	7.57232864080881e-05
627	7.13554918298352e-05	7.56778273238787e-05
628	4.21017517658075e-05	7.56594007590282e-05
629	6.37758439277165e-05	7.56675714594565e-05
630	0.000181807639988735	7.56511773047154e-05
631	0.000204278285131243	7.56326039965827e-05
632	0.000230753476306439	7.56048616572193e-05
633	0.000155016922604569	7.55943230294431e-05
634	9.9121548776943e-05	7.55851936482666e-05
635	0.000146299177954173	7.55469111458064e-05
636	9.77647882640655e-05	7.55535415222213e-05
637	9.25837372084667e-05	7.55867887150021e-05
638	0.00011378439931983	7.56040606060539e-05
639	0.000110042024329541	7.5559370331001e-05
640	0.000151785188313972	7.55175366714851e-05
641	9.65651364518956e-05	7.55090616818633e-05
642	0.000185871103190092	7.55125512711508e-05
643	0.000149140684702847	7.55136812712855e-05
644	7.82307083532775e-05	7.55027004673378e-05
645	0.000105472361207487	7.54969984303095e-05
646	0.000124586189674227	7.54712526534456e-05
647	0.000210654749709924	7.54406087077576e-05
648	0.000161901569207096	7.54620540732654e-05
649	0.000145686389254776	7.54863437080565e-05
650	0.000131024865989339	7.54877009943906e-05
651	0.000104406507718743	7.54496189676404e-05
652	0.000120194078911954	7.54140680770818e-05
653	0.000142671238661014	7.53806343152921e-05
654	0.000167702233139405	7.5374426957595e-05
655	0.000139994335873868	7.53854275327129e-05
656	0.000128900998966858	7.53846543016241e-05
657	0.000144711958599915	7.53731014891596e-05
658	0.000139046221305056	7.53611728390688e-05
659	0.000189776412931263	7.53463149709405e-05
660	0.000146252095374134	7.53436904476166e-05
661	7.74667044880378e-05	7.53589450886469e-05
662	9.38245869348907e-05	7.53927338591217e-05
663	0.000152771504391795	7.54260426493762e-05
664	0.00025211505891558	7.54602616491156e-05
665	0.000229847047194766	7.54933481538392e-05
666	8.06765004993338e-05	7.55371760124255e-05
667	8.14417181136217e-05	7.5524330738233e-05
668	0.000137262755924035	7.55332600926455e-05
669	0.00016025079967488	7.55234987095846e-05
670	0.000121637230311839	7.55331825516656e-05
671	0.000123728942873602	7.55371235359119e-05
672	0.000140246998586006	7.55373584568568e-05
673	0.000174725410958094	7.55357320252253e-05
674	0.000196583182828908	7.55468431158327e-05
675	0.000196813135303526	7.55720707814651e-05
676	0.000111223921042561	7.55734567535122e-05
677	0.000275651895951141	7.55793340812021e-05
678	0.000297387586204181	7.56001148970373e-05
679	0.000259254012852525	7.56229512645314e-05
680	0.000121917562629051	7.56011159964931e-05
681	3.76203836738675e-05	7.55866238272492e-05
682	0.00013335437176257	7.55792364986645e-05
683	0.000115389295277674	7.55918331733254e-05
684	0.000130019065924259	7.56092600752894e-05
685	0.000143823876894702	7.56225680739608e-05
686	8.5504424604038e-05	7.56512499221137e-05
687	4.62253124828478e-05	7.56696198091716e-05
688	5.77165050706394e-05	7.56862917422279e-05
689	5.52994951122246e-05	7.56791242946492e-05
690	0.000100707674104343	7.56507591167785e-05
691	9.03020502679579e-05	7.56381020284101e-05
692	1.27309658557496e-05	7.56038033990507e-05
693	5.31587961470969e-05	7.55656813205273e-05
694	3.71743850405119e-05	7.55405259042087e-05
695	8.24254747624224e-05	7.55502515213811e-05
696	7.16250150515171e-05	7.55535149365614e-05
697	6.37636366123225e-05	7.55578937750782e-05
698	8.79281630371152e-05	7.55490648360266e-05
699	9.01988896655421e-05	7.55125660226406e-05
700	3.9662384638564e-05	7.55199744507128e-05
701	8.94093282640898e-05	7.5543158806643e-05
702	0.000165074110257327	7.55545162621667e-05
703	0.00016796205927833	7.55518474843151e-05
704	0.000114622820930733	7.55772455515046e-05
705	7.90305445235052e-05	7.55945510595651e-05
706	0.00014400790555993	7.55822426200713e-05
707	9.80559818535815e-05	7.55523913660631e-05
708	2.66722764045931e-06	7.55334997802313e-05
709	9.60376367546587e-05	7.55243756691156e-05
710	9.65589184041631e-05	7.55240493861934e-05
711	5.78404122968716e-05	7.55439117602467e-05
712	1.5474818615934e-05	7.5519397160461e-05
713	8.34989750420958e-05	7.55040549978408e-05
714	5.38220482685108e-05	7.5498669532055e-05
715	9.25581585866751e-05	7.54720814694284e-05
716	0.000172165006702621	7.54467008433309e-05
717	0.000218080738860502	7.54527508318451e-05
718	0.00019764935313248	7.54447412494528e-05
719	0.000129454277825665	7.54324166561046e-05
720	6.47014509121044e-05	7.54419515141161e-05
721	5.30599336009341e-05	7.54036790063873e-05
722	7.75898418153797e-05	7.53821587431602e-05
723	0.000147549223861377	7.53509890672811e-05
724	8.38404820858843e-05	7.53298902849791e-05
725	5.76368799487071e-05	7.53249781312556e-05
726	9.71853822835524e-05	7.53450043415319e-05
727	3.06743660557536e-05	7.5379544425625e-05
728	0.000115346484159156	7.53974675034143e-05
729	0.000143671252878508	7.5393285842263e-05
730	0.00012372502186431	7.53711057739358e-05
731	0.000143438342053931	7.53572961168973e-05
732	8.66044436508832e-05	7.53448414699078e-05
733	4.31226684055649e-05	7.53207798029794e-05
734	7.47685659843754e-05	7.52930197388069e-05
735	4.53141601982243e-05	7.52849095916533e-05
736	7.3359031483841e-05	7.53189814247464e-05
737	0.000106146757746575	7.53506640689037e-05
738	8.03637368832692e-05	7.53816089608513e-05
739	5.45303072943552e-05	7.53678828241253e-05
740	4.58281470606725e-05	7.53362173111943e-05
741	6.16104000534027e-05	7.53305514728808e-05
742	0.000124684497227932	7.53544629259318e-05
743	0.000142919901928378	7.53673204401902e-05
744	0.000154110080251763	7.53910448164204e-05
745	0.000121905105103938	7.53898284896021e-05
746	8.20583734497357e-05	7.53984707814238e-05
747	8.2267164989284e-05	7.53911575438407e-05
748	7.11559820550595e-05	7.5362154263229e-05
749	6.92855833347383e-05	7.53542613123245e-05
750	6.72849318643778e-05	7.53653707070296e-05
751	0.000117801525315699	7.5379053516173e-05
752	0.000103838252568411	7.53936882362998e-05
753	0.000133463152712401	7.53921947138369e-05
754	0.00010063070629217	7.53802522923242e-05
755	7.60059463198752e-05	7.53690014699582e-05
756	0.00019863346222307	7.53771012291295e-05
757	0.000186508053462743	7.53687866294891e-05
758	7.97620134241063e-05	7.53611086390004e-05
759	-1.82824732757479e-05	7.53687716994194e-05
760	-4.17634757298078e-05	7.53965828154186e-05
761	1.6839503266445e-06	7.53915752858398e-05
762	4.81441804732007e-05	7.5387907537115e-05
763	0.00015714095579193	7.53761715998274e-05
764	0.000190513143431001	7.53427723706827e-05
765	0.000212053333159474	7.53302080635451e-05
766	9.80278617885766e-05	7.53422476561846e-05
767	0.000117985014703077	7.53583062284193e-05
768	0.0001194229050244	7.53911742556828e-05
769	0.000114180778143732	7.54345291051952e-05
770	9.0905762207641e-05	7.54494838554362e-05
771	0.000148081618564539	7.54591034206472e-05
772	0.000311030971249165	7.54457022842866e-05
773	0.00017994424463879	7.54300834340905e-05
774	0.00019009203389272	7.54570392162297e-05
775	0.000107916351531048	7.54781370740159e-05
776	0.000106838852804566	7.54532980842279e-05
777	0.000152782969886971	7.54543365912338e-05
778	3.97422350607967e-05	7.54656493922678e-05
779	2.93838338406382e-05	7.54722149296184e-05
780	0.000152110542388899	7.54678125420705e-05
781	7.11315637075749e-05	7.54459860395082e-05
782	4.95309148860192e-05	7.54603402868841e-05
783	7.24587539655331e-05	7.54776270814213e-05
784	0.000135544219255956	7.54768417811757e-05
785	0.000151753783833098	7.54550886627519e-05
786	0.000175398409213263	7.5453675055436e-05
787	0.000210484070012104	7.54453456788526e-05
788	0.000113985275431205	7.54342941146968e-05
789	0.000104429313035397	7.54371533087011e-05
790	0.000187700874132484	7.54321753832654e-05
791	0.000144772204324141	7.54423726684234e-05
792	1.69816283692067e-05	7.54514484763885e-05
793	-1.78987398569648e-05	7.5463743629027e-05
794	3.68409169487282e-05	7.54635907618662e-05
795	6.04301348794698e-05	7.54511693017891e-05
796	0.000116752432228304	7.54466036880637e-05
797	9.81440719356975e-05	7.5429181858583e-05
798	4.25556284133336e-05	7.54073859161839e-05
799	9.7903356422306e-05	7.53893380563744e-05
800	0.000116799618612863	7.54063091641505e-05
801	0.000123936524137073	7.54122243534636e-05
802	9.35126537504017e-05	7.54307763729628e-05
803	5.83193907218837e-05	7.54083752260622e-05
804	0.000131688893635204	7.54002881483271e-05
805	8.69515455026971e-05	7.54073927867094e-05
806	2.02626777932248e-05	7.53989986349248e-05
807	5.90136898850437e-05	7.53894623129297e-05
808	0.000114327275239442	7.53633372013702e-05
809	8.87864540883409e-05	7.53483893350404e-05
810	2.43999336771728e-05	7.53725736528144e-05
811	1.88768735894299e-05	7.54217872136057e-05
812	2.98758931854987e-05	7.54428705644046e-05
813	-3.17593185136135e-05	7.54493975020485e-05
814	9.58780029022921e-05	7.54798165700511e-05
815	0.000225280649979695	7.54906969789989e-05
816	8.48297583660743e-05	7.55277813772613e-05
817	1.70632654000305e-05	7.55419330087297e-05
818	0.000138468247681185	7.55377774160265e-05
819	0.00024306317436418	7.55386412993483e-05
820	0.000196299233088953	7.55521985624284e-05
821	3.00487277054113e-05	7.55678069612235e-05
822	7.85372293617607e-05	7.55594369167116e-05
823	5.28339430424034e-05	7.55696732379025e-05
824	0.000114593534611011	7.55619527722e-05
825	7.86626445331695e-05	7.55584043940806e-05
826	9.0648812808012e-05	7.55620303280753e-05
827	0.000200642944239182	7.55811647719059e-05
828	0.000135880881531165	7.55735143611751e-05
829	9.84693315704034e-05	7.55460556387459e-05
830	0.000110092156836958	7.55412726518192e-05
831	3.77781234786855e-05	7.55580157893386e-05
832	-3.58586026150762e-05	7.55756479324533e-05
833	2.80511957750734e-05	7.55629994948231e-05
834	0.000117875215531566	7.55419411048066e-05
835	0.000114923215508702	7.55339382300369e-05
836	3.99130283310572e-05	7.55533990811505e-05
837	0.000126544195457591	7.55837699134217e-05
838	0.000157770052822799	7.56093689820251e-05
839	0.000118749855166154	7.56381645690532e-05
840	0.000161216390322291	7.56447750012561e-05
841	0.000154805523640785	7.56427442895415e-05
842	0.000161241103852829	7.56246437000892e-05
843	0.000112030801253219	7.55920124659855e-05
844	0.000113457624846741	7.55869067053076e-05
845	9.48351703813154e-05	7.55912573083956e-05
846	0.000121768376756975	7.55677440126372e-05
847	5.33080807973246e-05	7.55178928672837e-05
848	-2.74226702721251e-06	7.55224559278408e-05
849	2.17844826178816e-05	7.55369723193744e-05
850	3.6365707175629e-05	7.55122341769724e-05
851	8.69389390352361e-05	7.54986254645363e-05
852	6.85522841278184e-05	7.54840886793505e-05
853	2.83551752349971e-05	7.54914810305353e-05
854	5.53555836686241e-05	7.54908622415704e-05
855	0.000130570618073251	7.55137620930595e-05
856	0.000110786730960286	7.55293449867079e-05
857	0.000160030561077843	7.55222578273194e-05
858	0.000159279699305454	7.54968143682991e-05
859	0.000205273033008037	7.54757773143563e-05
860	0.000124999101081906	7.54647921508937e-05
861	0.000117264116117461	7.54474506899105e-05
862	8.39381317029745e-05	7.54190276248315e-05
863	0.000107686857584637	7.54333307791167e-05
864	0.000150196661867397	7.54638764837874e-05
865	0.00015849768598387	7.54999438331728e-05
866	0.000130039051014737	7.55172786908622e-05
867	8.63665863529019e-05	7.54990630867295e-05
868	0.000127568830885373	7.54791005539726e-05
869	5.59524383541975e-05	7.54731964386799e-05
870	4.85078141989495e-05	7.5467265298909e-05
871	4.382310555516e-05	7.546980813918e-05
872	1.78161848207622e-05	7.54719434938801e-05
873	1.146845655631e-05	7.54806902040698e-05
874	4.93656707447111e-05	7.54823595746021e-05
875	4.11994502588412e-05	7.5500268569806e-05
876	3.65020703270491e-05	7.55104611548108e-05
877	6.95240696267601e-05	7.54922040283446e-05
878	3.6322229936739e-05	7.55170513024148e-05
879	6.40638937919383e-05	7.55234272042239e-05
880	9.01219107770403e-05	7.55372609178537e-05
881	0.000145069456908527	7.55535893281616e-05
882	7.46512877058627e-05	7.55781993615337e-05
883	-2.24584895673007e-06	7.55806841882922e-05
884	-1.88433410975583e-05	7.55585750914049e-05
885	6.63303626616002e-05	7.55612831788932e-05
886	0.000109216165492164	7.55442881858939e-05
887	0.00014242312245516	7.55004081159003e-05
888	0.000118472955321531	7.54724035870536e-05
889	0.000115493187551613	7.5479156613295e-05
890	0.000122292752918651	7.54889861479738e-05
891	0.000145345755977405	7.55142928114041e-05
892	7.01850673738685e-05	7.55120330293001e-05
893	0.000101483452919758	7.55068900459388e-05
894	6.18014006918249e-05	7.54876786710048e-05
895	2.63130080396645e-05	7.5499347314191e-05
896	7.7701650524923e-05	7.55207184455943e-05
897	0.000120667713952243	7.55199220372939e-05
898	0.000137126118012031	7.55306397018461e-05
899	0.000146604115383275	7.55266864199152e-05
900	0.000180898973187363	7.55093825455014e-05
901	3.61108303679739e-05	7.54975978924037e-05
902	6.64483836791873e-05	7.54928408321689e-05
903	6.47162468985069e-05	7.54831582066234e-05
904	4.37492059123103e-05	7.55158606998213e-05
905	9.27741635982015e-05	7.55383571868188e-05
906	0.000100836385107159	7.55187674758948e-05
907	0.000119882634617574	7.55141748649567e-05
908	5.94560079656769e-05	7.5503544496572e-05
909	1.06933812965129e-05	7.54749679790771e-05
910	5.98842813986353e-05	7.54674098913976e-05
911	2.78684965682812e-05	7.54650258092627e-05
912	1.81185675866003e-06	7.54366783548991e-05
913	-1.14051119965632e-05	7.54266650379924e-05
914	-2.10338383843206e-05	7.54253780469111e-05
915	4.60875771692174e-05	7.54404057399815e-05
916	5.2701648101638e-05	7.54411703358241e-05
917	0.000127700104426607	7.54442479388e-05
918	0.000183924059259521	7.54524132272226e-05
919	0.000121396245911138	7.54628193554e-05
920	9.30254026423592e-05	7.54765021888063e-05
921	0.00013464776827976	7.54713898261326e-05
922	8.50814067722112e-05	7.54482124294233e-05
923	0.000122260879975166	7.54450593671232e-05
924	9.43185402187673e-05	7.54405766738784e-05
925	0.000126464598968458	7.54237800491674e-05
926	0.00013267234931084	7.5420242047573e-05
927	0.000157343987056916	7.54281910610424e-05
928	6.43352227112589e-05	7.54606300143398e-05
929	8.89467645922596e-05	7.5509486482468e-05
930	0.000100390004617761	7.55422238680671e-05
931	0.000102497748516074	7.55527810983721e-05
932	0.000131727820388507	7.5544621334166e-05
933	0.000212458829515833	7.55508323693198e-05
934	7.86069821152557e-05	7.55583815946045e-05
935	8.54074081813262e-05	7.5558268802272e-05
936	0.000255534617036889	7.55301450183707e-05
937	0.000204325021852813	7.55154613563604e-05
938	0.000200276573173576	7.55150375988194e-05
939	0.000185407970341579	7.55246833892511e-05
940	0.000114481135400538	7.55209274817938e-05
941	0.00015678415137441	7.55295656951195e-05
942	0.00010678679497895	7.55370776337872e-05
943	5.83185718547104e-05	7.55116174587206e-05
944	0.000101014557841869	7.54983894800768e-05
945	7.64603447604051e-05	7.54817496576162e-05
946	4.98353022586844e-05	7.54858766887785e-05
947	8.70308110228365e-05	7.54995679535829e-05
948	7.3721917116201e-05	7.5503364296551e-05
949	0.000136111513127148	7.5494493919364e-05
950	0.000148254097275745	7.54879855533372e-05
951	0.000165460345793778	7.54766890316109e-05
952	3.78119698972856e-05	7.54739656319509e-05
953	1.58545374341693e-05	7.54585518429272e-05
954	4.64072903358318e-06	7.54592637561481e-05
955	6.50516876763245e-05	7.54497258347254e-05
956	8.63098213255516e-05	7.54363725907578e-05
957	5.12052549159694e-05	7.54261899846328e-05
958	0.000114245720472876	7.542716547183e-05
959	0.000165795552559688	7.54279800199172e-05
960	0.00016999994476157	7.53989193339569e-05
961	0.000157427501782255	7.53905784818061e-05
962	8.60414884720484e-05	7.53528789924052e-05
963	0.000152822024350392	7.53273652973748e-05
964	0.000220452095475051	7.53343100971566e-05
965	0.000267814765797174	7.53483407271607e-05
966	0.000176410230599636	7.53722896452705e-05
967	6.28853037461273e-05	7.53655872932888e-05
968	8.96505569449852e-05	7.53529698286063e-05
969	0.000195720501339085	7.5340560781178e-05
970	0.000194782640494781	7.53427472159183e-05
971	0.000164340630071331	7.53624437244399e-05
972	0.000194030456509163	7.53680451374236e-05
973	0.000174401323761334	7.53406407205961e-05
974	0.000155096898601343	7.53330708278617e-05
975	0.000164004120144415	7.53198645336103e-05
976	0.000123686519506841	7.53021367850383e-05
977	9.21245501765196e-05	7.52955829681246e-05
978	0.000141253417307539	7.5274496649914e-05
979	0.000134189118577494	7.52830315822911e-05
980	0.000142604346619801	7.52944575421152e-05
981	0.000183435126946461	7.53099478484402e-05
982	0.000211674042493246	7.53356208788047e-05
983	0.000146124424190582	7.53246760567173e-05
984	0.000154843297983487	7.5323499970973e-05
985	0.000209234326776334	7.5316046942669e-05
986	0.000226853506356331	7.53126831519838e-05
987	0.000192745308624799	7.53046121199122e-05
988	0.000162005733929039	7.52790398634808e-05
989	0.000155020437488164	7.52627408732329e-05
990	0.000214471257463759	7.52557144563544e-05
991	0.000227516109207001	7.52501027011213e-05
992	0.000225518115291003	7.52104039099726e-05
993	0.000229735853477409	7.51897362704204e-05
994	0.000179483369019247	7.51697606147292e-05
995	0.000211207031428686	7.5147038760588e-05
996	0.000182652753698981	7.51269081790161e-05
997	0.000211324367769023	7.51149317010906e-05
998	0.000172546089130421	7.50876896173858e-05
999	0.000171649946319649	7.50695983941583e-05
1000	0.00021049649387741	7.49923831738824e-05
