lagtime	wtd_avg_RRD_p|all	se_p|all
0.333333333333333	0.0011405929569845	0.000341943257003788
1	0.0150081189347491	0.000213440886429858
2	0.0386598872017467	0.000220382553218991
3	0.0392877106441342	0.000221687210300179
4	0.0348519219832966	0.000222549686676931
5	0.0307590384376082	0.000223611431932918
6	0.0264692214935707	0.000224575412493932
7	0.0230302607932177	0.000225259102003221
8	0.0202938800771355	0.000225708450953505
9	0.0184607166968045	0.000226009212912698
10	0.0163213461470952	0.000226216513725307
11	0.0147014117350653	0.000226365508261797
12	0.0137466181578108	0.000226468393625195
13	0.012527630345046	0.000226535617716895
14	0.011612562336617	0.00022657596458406
15	0.0107750616437034	0.000226611977368887
16	0.0103633547796326	0.000226640826141517
17	0.0098019232233669	0.000226668004997594
18	0.00900297751410469	0.000226676966149497
19	0.00878427793615296	0.000226677814864463
20	0.00821268639778653	0.000226675767405772
21	0.00796536228142996	0.00022667935112879
22	0.00732312032632589	0.000226685145877499
23	0.00718765318489902	0.000226689582395262
24	0.00664784754763695	0.000226702726231962
25	0.00663182651954985	0.000226718523075676
26	0.00646903977825242	0.000226726177332077
27	0.00575762261819712	0.000226726622647212
28	0.00554298521156719	0.000226737407664118
29	0.00561842263002927	0.000226748391745229
30	0.00577142737718146	0.00022675446013169
31	0.00514098951183494	0.000226770211271572
32	0.00458823460666337	0.000226778729275468
33	0.00458405649414265	0.000226790411066722
34	0.00457510523171411	0.000226803615805161
35	0.00469672521296448	0.000226824196905985
36	0.00453311676757565	0.000226855709276216
37	0.00485920535771223	0.000226886864382208
38	0.00453293935234909	0.000226906265930367
39	0.00470521688544329	0.000226917179009971
40	0.0041044913076605	0.000226930129793447
41	0.00393651383973113	0.000226950040711723
42	0.00386032025278915	0.000226964913253622
43	0.00360951076333909	0.000226986050237419
44	0.00353134403387806	0.000227014246994825
45	0.00353642480807343	0.000227033655465632
46	0.00356944851473403	0.000227048546600293
47	0.00330994186026985	0.000227061935440787
48	0.0031042988308043	0.000227089011311973
49	0.00357142478696703	0.000227118086011895
50	0.00365353993298307	0.000227146905555896
51	0.00337236469325979	0.000227166269398262
52	0.00305130400004088	0.000227186436571006
53	0.00284980380421307	0.000227200018780137
54	0.0027071708550311	0.00022721831574462
55	0.00298954813777117	0.000227238423187969
56	0.00281923324082879	0.000227249379429844
57	0.00238694510622838	0.000227252662674349
58	0.00256805026241165	0.000227249639897844
59	0.00289539897808655	0.000227254575498859
60	0.00271962222353834	0.000227260629134053
61	0.00294707777462939	0.000227260611675275
62	0.00289843321197584	0.000227254815425177
63	0.00273985571389457	0.000227257375421391
64	0.00254830781543354	0.000227263413617973
65	0.00246102771791136	0.000227269852094485
66	0.00252443795212575	0.000227282633725144
67	0.0024468050555425	0.000227288443933753
68	0.0019246577733309	0.00022729279399969
69	0.00187568120504404	0.000227296661297692
70	0.0024400173502403	0.000227308645565778
71	0.00266556243288179	0.000227331596513535
72	0.002458150423584	0.000227345911819528
73	0.00257275210361399	0.000227347308257673
74	0.00212016078485823	0.000227355029959803
75	0.00231220458237092	0.000227371657809802
76	0.00250330171724671	0.000227380588013872
77	0.0023729529086476	0.000227385672694981
78	0.00200815247323573	0.00022739870220049
79	0.00191620260148947	0.000227408782636742
80	0.00204936882754594	0.00022741188657421
81	0.00188737297301712	0.000227410490493421
82	0.00206229494196245	0.000227409838881611
83	0.0019602380525827	0.00022741177094393
84	0.00200609384887354	0.000227415264374796
85	0.00201077242950735	0.000227419680752558
86	0.00201433089268524	0.0002274245894328
87	0.00167263240335335	0.000227428783806116
88	0.0014659438833083	0.000227434964924228
89	0.00135663292028606	0.000227437071032808
90	0.00153323210673039	0.000227444040214252
91	0.00163874042612797	0.000227446817835355
92	0.00186869944128816	0.00022744926214916
93	0.00173554005100048	0.000227456380663735
94	0.00178050591728451	0.00022746306628751
95	0.00169408019751985	0.000227469914351826
96	0.0019041022426019	0.000227469866059666
97	0.00173920933476983	0.000227477667749563
98	0.00174519659744322	0.000227484028779711
99	0.00175239950325595	0.000227490630010331
100	0.00186863634744409	0.000227492036980514
101	0.00193112244619552	0.000227494698385289
102	0.0016135789654023	0.000227497287484423
103	0.00179881570644	0.000227500349868731
104	0.00178389083895257	0.000227502242485844
105	0.00147744695164367	0.000227503677782276
106	0.00119710131728579	0.000227504604408493
107	0.00114286462547549	0.000227505434860483
108	0.00144041573774099	0.000227508339697531
109	0.00188912376843426	0.000227512483323371
110	0.0014072380589629	0.000227518794282312
111	0.00139015557005249	0.000227521280947902
112	0.00138430316641767	0.000227520610544189
113	0.00133599840977516	0.000227522368452409
114	0.0013031253641872	0.000227527486304546
115	0.00109820881507191	0.000227527486696992
116	0.00126487445306413	0.000227529679981306
117	0.00175493603669687	0.000227530108328492
118	0.00166958028256973	0.00022753518910559
119	0.00155515611752326	0.000227540913007278
120	0.00147064418534531	0.000227547522265818
121	0.00134557264626397	0.000227558234567875
122	0.00125677821332347	0.000227573834461252
123	0.00172110129733688	0.000227583724294734
124	0.00176069011866485	0.000227585022895396
125	0.00153697392933666	0.000227582971465007
126	0.00146774539871917	0.000227586931278487
127	0.00164313622818521	0.000227588222254175
128	0.00157890921106585	0.000227588808157221
129	0.00163995992694014	0.000227589771791712
130	0.00145067567898531	0.000227588706795202
131	0.001655794387271	0.000227591453412541
132	0.00131813776248472	0.000227590947214991
133	0.0012301742117259	0.000227595688526825
134	0.000924072874295858	0.000227596816886177
135	0.00101038328870433	0.000227599345534331
136	0.000890338648617008	0.000227596642834811
137	0.000749918847622962	0.000227595164346265
138	0.000889204139499994	0.000227587278300821
139	0.00114719301875723	0.000227583255985274
140	0.00138624187725746	0.0002275825381389
141	0.00123782305234074	0.000227585411124544
142	0.00137641557844754	0.000227590381872763
143	0.00147529292462488	0.000227595088536596
144	0.00144835772730035	0.00022759830708714
145	0.00125388170695698	0.0002276080679018
146	0.00142325266501466	0.000227615300535501
147	0.00129383565603224	0.00022762218151265
148	0.00105015983849107	0.000227623970563581
149	0.000637180938883587	0.000227624541907401
150	0.000872741163679524	0.00022762216874992
151	0.00105817138400852	0.000227619284784748
152	0.00121662282575972	0.000227617122910954
153	0.000901682714097617	0.000227615912015952
154	0.000926543301772699	0.000227615674735157
155	0.000835988045495613	0.000227617188138704
156	0.000679503821538629	0.000227615105428851
157	0.00106477165979084	0.000227609661257909
158	0.00120289576162552	0.000227603738486313
159	0.00107073910167772	0.000227603315044812
160	0.00119256596409296	0.000227599124827295
161	0.00101291693173042	0.000227586539897889
162	0.00077464042437534	0.000227583703753022
163	0.00113453320911871	0.000227582186259472
164	0.00114478718723429	0.00022757762316733
165	0.000938118664898371	0.000227577178096809
166	0.000602863935253506	0.000227579457224806
167	0.000793262437113959	0.000227577995725419
168	0.00063726924795757	0.000227579532285396
169	0.000755530113145264	0.000227582320627345
170	0.000878077646764777	0.00022759108396877
171	0.000831683116465021	0.000227584854205644
172	0.000752126246942066	0.000227582561384571
173	0.000636447956719015	0.00022758070138205
174	0.000341551305370879	0.000227580433717695
175	0.000234348005564941	0.000227584445225005
176	0.000611945322639451	0.00022758621693824
177	0.000577839804586473	0.000227586133811798
178	0.000624563478820507	0.000227586817430431
179	0.000597526106779347	0.000227585781393063
180	0.000801506444362011	0.000227589865306272
181	0.000766088067371712	0.000227601428326388
182	0.000652988305752258	0.000227608362220753
183	0.000552770619562862	0.00022761280616442
184	0.000863569058903205	0.000227609610410609
185	0.00113377685228314	0.000227620417470161
186	0.0014407681435886	0.000227624559961224
187	0.00110925907368658	0.000227625782879746
188	0.000901491876635554	0.000227631965930765
189	0.000779214272649345	0.000227637693962011
190	0.000869225383663298	0.000227660926973045
191	0.000858707613204451	0.000227666663966884
192	0.00119138220659944	0.000227670359907189
193	0.00113144752906703	0.000227670801357011
194	0.000968015053964445	0.000227672447467204
195	0.00091411196216783	0.000227675594047457
196	0.00115480443623232	0.000227679713380582
197	0.00134805069818332	0.000227677799434824
198	0.00101781643328524	0.000227676379657452
199	0.000675644760839094	0.000227675279564734
200	0.000696391111577992	0.00022767762865889
201	0.000864009308901728	0.000227680664475272
202	0.000722320682053557	0.000227681543395532
203	0.000497989546441478	0.000227684141721733
204	0.000674801920634212	0.00022768297426742
205	0.00048109734184273	0.000227681360335814
206	0.000486973118652515	0.000227680904061537
207	0.000589941037655459	0.00022768568119732
208	0.000616393055683353	0.000227689767809087
209	0.000745934311440194	0.000227690182474774
210	0.000891883455714209	0.000227690681097087
211	0.000838303819202106	0.000227693364755577
212	0.000966188692910919	0.000227694008998145
213	0.00119193257298973	0.000227694859772045
214	0.00122246019195921	0.000227698350891898
215	0.000910527267717768	0.000227696312033099
216	0.000850889568631376	0.000227711296821545
217	0.000452714594764535	0.00022771464098335
218	0.000930249490923506	0.000227713448772521
219	0.00116972020197669	0.000227714420242216
220	0.00108974748510648	0.000227717603998372
221	0.000874084307832577	0.0002277167025789
222	0.000576592521140389	0.000227715735734001
223	0.000842135024315195	0.000227714484629165
224	0.000996090844916237	0.000227717265660626
225	0.00100974237650508	0.000227718555292023
226	0.000872496263193202	0.000227717582761219
227	0.00056912819995053	0.000227717194460351
228	0.000632258284163581	0.000227718788916764
229	0.000468921944750435	0.000227724274221555
230	0.000545497510102348	0.000227728601429683
231	0.000522635476936264	0.000227729579707746
232	0.000345860585256955	0.000227726939276916
233	0.000708786890749054	0.000227727057696042
234	0.000428272616215715	0.000227724783146401
235	0.000322535011576012	0.00022773478144815
236	0.000642238936383928	0.000227743911549413
237	0.000931437538114178	0.000227748137640446
238	0.000959815053170407	0.000227752262691367
239	0.000823971113029927	0.000227749256723462
240	0.000579633662870621	0.000227760852800858
241	0.000815098380322477	0.000227765697228279
242	0.000908428536019176	0.000227765486169917
243	0.000793305652841001	0.000227766830072863
244	0.000524496368359047	0.000227770174922912
245	0.000518317327598906	0.000227769886149232
246	0.000655637468563028	0.000227772861505987
247	0.000697674787900403	0.000227772781434781
248	0.000346906588242271	0.000227772348758656
249	0.000268887380168613	0.000227772512473124
250	0.00054005120736484	0.00022777690791369
251	0.000726195059050517	0.000227777212134096
252	0.00064362197072436	0.000227778309898059
253	0.000464119094722299	0.000227781945509958
254	0.000571644484252076	0.000227784032954991
255	0.000811157247250146	0.000227784596352758
256	0.00106651535311503	0.000227776973884897
257	0.000686095241048642	0.000227776371186268
258	0.000420668421576089	0.000227784758015668
259	0.000760690518184993	0.000227788940013497
260	0.000578634213856032	0.000227792542189145
261	0.000440456103405903	0.000227794576732636
262	0.000486778737027917	0.000227796439740436
263	0.000403131935227478	0.000227802876727924
264	0.00063509906829721	0.000227806444654878
265	0.000806072840458951	0.00022781570685911
266	0.000777073486378366	0.000227819523155385
267	0.000750017026185107	0.000227819505551038
268	0.000564099094663438	0.000227818072897819
269	0.000746757164254632	0.000227816423458774
270	0.000843448497382822	0.000227808419477248
271	0.000282261576790294	0.000227806689872735
272	0.000482184766381077	0.000227806013106662
273	0.000927250400363106	0.00022780652345684
274	0.00109891244533903	0.000227813365853133
275	0.000721686859000503	0.000227818037619415
276	0.000526250411102464	0.000227818698456755
277	0.000754109387040461	0.000227817814181581
278	0.00060201633597097	0.000227821721689649
279	0.000415288080229659	0.000227824606045365
280	0.000402696629369964	0.000227824795950674
281	0.0005495432490802	0.00022782456396987
282	0.000560033402966653	0.000227823745321602
283	0.000598659058740995	0.000227821473023255
284	0.000574474316558492	0.000227821235597883
285	0.000851928839178954	0.00022782381293681
286	0.000578121945794821	0.000227817062164352
287	0.000546907503867163	0.000227817686421103
288	0.000289263803058048	0.000227815528927782
289	0.000399335996911152	0.000227816326105191
290	0.000214408370996705	0.000227818433889114
291	7.80348817153304e-05	0.000227818553380234
292	9.25989468010954e-06	0.000227820730053111
293	0.000262073467447124	0.000227822045072268
294	0.00066042472285964	0.000227815096546867
295	0.000546029235231857	0.00022781645322002
296	0.000565432833084812	0.000227816227962405
297	0.000694814496518564	0.000227822716756634
298	0.000828317816619289	0.000227829180609262
299	0.000750642692767164	0.000227831686836961
300	0.000581141048856107	0.000227842768205178
301	0.000607658386731727	0.000227849782492347
302	0.000513222744488499	0.000227849090056881
303	0.000546310375095351	0.000227849372378086
304	0.000763171247252599	0.000227852541335997
305	0.000893032722947717	0.000227853937702299
306	0.00106359411878752	0.000227853048875188
307	0.000719057801887055	0.000227850122267413
308	0.000451565629333503	0.000227848387319653
309	0.000407268103083751	0.000227847415020959
310	0.000494057954451174	0.000227849125924777
311	0.000570881169482099	0.000227851125044504
312	0.00037886267508749	0.000227853908217095
313	0.000410837911303314	0.000227847349273636
314	0.000587323630830446	0.000227851995264739
315	0.000604334943415477	0.000227858267572485
316	0.000242921539404919	0.000227866076649335
317	0.000340713446447229	0.000227882858525798
318	0.000580321096604917	0.000227881421685119
319	0.000673266111384744	0.00022787917004109
320	0.000407534325174612	0.000227875907648639
321	0.000271898085531614	0.000227874146782426
322	0.000271443284240471	0.000227887852848097
323	0.000486431184462275	0.000227898207259249
324	0.000661156780473599	0.000227900446250917
325	0.000324640508040466	0.000227900797278671
326	0.000114411502159375	0.000227902498877868
327	8.8017890039764e-05	0.000227901253544984
328	0.000139705530769364	0.000227898224035871
329	0.00051633603008591	0.000227892298717133
330	0.000398824571346668	0.000227884172511798
331	0.000272902891430098	0.000227852707336107
332	0.000285353183148672	0.000227843068972971
333	0.000445736807491063	0.000227840560035552
334	0.000309634279791845	0.000227840605970804
335	0.000251472155847022	0.000227837024433713
336	0.000321397806692608	0.000227827604978541
337	0.000377452695451478	0.000227816077968579
338	0.000399971042170937	0.000227809858964842
339	0.000377787732116401	0.000227815987158622
340	0.000340978180145554	0.000227820113292148
341	0.000311700311401726	0.00022782260941764
342	6.51295073838926e-07	0.000227824066396648
343	0.000456788756511306	0.000227829900110266
344	0.000371758892459034	0.000227828970201836
345	0.000330833577162505	0.000227828506917389
346	0.000292031146602443	0.000227831061489065
347	1.93243664709056e-05	0.000227841117314635
348	7.83721199552477e-05	0.000227848141558222
349	0.000251570735466068	0.000227855186518651
350	0.000292267258770549	0.000227857722733546
351	0.000261632054413985	0.00022785845249991
352	2.09224068616779e-05	0.000227864017847849
353	0.000477197167004723	0.00022786867255794
354	0.000399575482314566	0.000227871036138765
355	0.000239268019831913	0.000227878980394313
356	0.000441359949264422	0.000227894143627516
357	0.000482781262423613	0.000227895199782453
358	0.000385152656806643	0.000227890747108751
359	0.000151175356026298	0.000227888810025858
360	-2.9513990029658e-05	0.000227887222362553
361	3.6284775041429e-05	0.000227882777642897
362	3.8348405324703e-05	0.000227882886889876
363	2.35747952662068e-05	0.00022788163408274
364	0.000115037372445516	0.000227878565240893
365	0.000344579310400982	0.00022787941644656
366	0.000613379255978152	0.000227877935061
367	0.000118843169134779	0.00022787905003359
368	0.000131901830838987	0.000227878364237917
369	0.000177437911018711	0.000227878381372846
370	0.000367037631030653	0.000227885661829163
371	0.000381826537093475	0.000227891429985593
372	0.000413113360134833	0.000227890139871317
373	0.000431628870818041	0.000227903446480676
374	0.000556578380120929	0.000227900425573028
375	0.00069451939929643	0.000227899865873102
376	0.000517523378933868	0.000227911454951389
377	0.000217215606366823	0.000227920365081867
378	8.28186504965561e-05	0.00022792547817503
379	0.00019535842589681	0.000227929816197911
380	-6.92197729010396e-05	0.000227935369378006
381	-0.000151625683768151	0.000227938446064916
382	0.000234649636454815	0.000227937234672453
383	0.000194317497417931	0.000227938753865162
384	0.000283323619953688	0.00022793271655106
385	0.000643444803029177	0.000227935245122661
386	0.000690741635894444	0.000227930893927591
387	0.000237696880640467	0.000227929115804486
388	0.000302069409126226	0.000227928718640743
389	0.000339994839553423	0.00022793225029606
390	-6.39661057483168e-05	0.00022793517843636
391	-0.000112615365012392	0.000227939757989326
392	5.61709007099519e-05	0.000227938750919263
393	0.000426108680461572	0.000227938543879303
394	0.000395371622651686	0.000227946497615651
395	0.00045678924762277	0.000227950117179818
396	0.000620333923124697	0.000227953495760111
397	0.000372574682286834	0.000227949584149685
398	0.000195954751503143	0.000227947104471695
399	0.000288292695425876	0.000227946096343709
400	0.000507429020848323	0.000227945558937409
401	0.000534891690574442	0.000227949535966908
402	0.000753380958379719	0.000227959080412199
403	0.000467030218003858	0.000227962172040423
404	0.000438881015237059	0.000227970336496538
405	0.000372373318785019	0.000227979106225331
406	0.000189562215859596	0.000227980248080382
407	0.000168216850754013	0.000227975270477929
408	5.308838317871e-05	0.000227981358309947
409	0.000393849937628896	0.000227987349856908
410	0.000435278811714989	0.000228007743052162
411	0.000197240803547084	0.000228016875650811
412	0.000402570345006778	0.000228015900665472
413	0.000153297305376327	0.0002280187741665
414	0.000315572109028449	0.000228018703560458
415	0.000349390869969914	0.000228023615190669
416	0.000176407021776589	0.000228030988167138
417	0.0001884530008651	0.0002280423526659
418	0.000228926879145267	0.00022804021147456
419	5.68011136857263e-06	0.00022804203196359
420	8.37436474956445e-05	0.00022803928486711
421	0.000144867505782549	0.000228041627968395
422	0.000182944528857935	0.000228044918784905
423	0.000464805863680213	0.000228045225601017
424	0.000117423933848965	0.00022804876308693
425	0.000156335572212586	0.000228050996563631
426	0.000141284775616646	0.000228043083161495
427	0.000295458496027061	0.000228048233670065
428	0.000371240510741766	0.000228054577153456
429	0.000191177901978766	0.000228052186088766
430	0.000123191074578455	0.000228044932870739
431	0.000107024355096126	0.000228036839433093
432	0.000472263368175191	0.000228039881753208
433	0.000166780977584814	0.000228042567030504
434	0.000227082203428463	0.000228044043859352
435	3.79330846544201e-05	0.000228038431544375
436	-3.65288668094795e-05	0.000228044003147615
437	0.000198837501699858	0.000228044039083962
438	0.000328007737686118	0.00022803924202698
439	0.000460774269291838	0.000228035112227431
440	9.10483412198178e-05	0.000228031434598091
441	0.000183749160266799	0.000228013040807603
442	6.92420565881567e-06	0.000228009341605973
443	-0.000125530694172162	0.000228008748234918
444	-3.31347245219845e-06	0.000228010619105812
445	0.000113978934885012	0.000228010463675195
446	0.000303559169394958	0.000228009917114822
447	0.000221722887277956	0.000228021695120186
448	3.93403896160552e-05	0.000228016581030019
449	0.000601169832328177	0.000228014813379625
450	0.000530689133210222	0.000228020856900112
451	0.000332608302545804	0.000228027373199103
452	0.000161780848943338	0.000228030995353866
453	0.000201430456311249	0.000228034077367902
454	0.000329150422891865	0.000228033287663449
455	0.000223114094440906	0.000228029759382508
456	0.000173423413510515	0.000228026552136189
457	0.000151152006589054	0.000228021681041461
458	0.000183253077308836	0.000228012198441837
459	0.000227398869372044	0.000228009194111982
460	0.000214162271337504	0.000228007047150404
461	0.000204009922951362	0.000228007056438303
462	0.000197224552070705	0.000228003139972019
463	0.000147658039995024	0.000228001455039249
464	0.000569602797152871	0.000227999699018585
465	0.000134288412143547	0.00022799837726167
466	0.000252885710990875	0.00022799777717455
467	0.000505393498219264	0.000228003009731775
468	0.00061367673922985	0.000228003935441763
469	0.000407886374976478	0.000228004368832849
470	0.000228647602815284	0.000228003736546471
471	1.41493363767014e-05	0.000228007837872582
472	0.000149396399185027	0.000228011442977128
473	0.000575260102133792	0.000228013346848593
474	0.000496531587736713	0.000228011474205534
475	0.000400057642812372	0.000228006544552528
476	0.000571132311440565	0.000228006559806073
477	0.000597471230087484	0.000227996252300395
478	0.000745978436512406	0.000227985863449591
479	0.000525930989254734	0.000227977681187322
480	0.000288938295080641	0.000227971277066173
481	0.000166215014887497	0.000227962710790585
482	0.000229521008001645	0.000227954790340222
483	0.000132488260972301	0.000227945014405108
484	0.000341163881005241	0.000227940419930292
485	0.000267935650664492	0.000227936172326822
486	0.000299972177312489	0.000227936170905694
487	0.000580989148975853	0.000227934880303078
488	0.000328685785561691	0.000227931886130176
489	0.000132676494782245	0.000227931177103511
490	0.000251744612923098	0.000227930400487396
491	4.53545413394933e-05	0.000227925735409835
492	0.000232028963854539	0.000227927408059595
493	0.000325632635275423	0.000227930980143608
494	0.000222481336425106	0.000227932245726355
495	0.000415199200963782	0.000227940281487847
496	0.000220794088352605	0.000227941862587063
497	0.000159147134596336	0.000227942806356505
498	0.000328886393491364	0.000227942894925559
499	0.000292255396803548	0.000227945028657269
500	0.000102590230353383	0.000227946693854984
501	0.000203503510525434	0.000227946541275929
502	0.000165855899149201	0.000227951433042666
503	0.000254798050424231	0.000227952072052624
504	0.000191202923073151	0.000227952776354294
505	0.00021597741413437	0.000227960984331119
506	0.000125920169830269	0.000227962759539092
507	0.000469840003101228	0.000227965298069189
508	0.000679258439696052	0.00022796195377073
509	0.000529918534916045	0.000227963216123767
510	0.000686082580849097	0.000227960283906919
511	0.000367980817203498	0.000227950392186474
512	0.00017817320212581	0.000227948649638727
513	-4.09416982957575e-05	0.000227950974005471
514	-0.000156834638893496	0.000227942900883686
515	-5.66251399802784e-05	0.000227938628042799
516	0.000534512255345259	0.00022793508782903
517	0.00060925950494374	0.000227934990171729
518	0.00050257117104651	0.00022792924365384
519	0.000401551801045583	0.000227918122934834
520	0.000268451122439971	0.000227911429219955
521	0.000537668148037569	0.00022790727107568
522	0.000557377687450155	0.000227907085499181
523	0.000338227702675405	0.000227903545060318
524	0.000288080957792886	0.000227901603685329
525	0.000194795330728986	0.000227905064411339
526	0.000131891301789739	0.000227898311758747
527	0.000382022680168945	0.000227885099247101
528	-0.000197598154685018	0.000227878959294133
529	-0.000396586090079527	0.000227879466902681
530	-2.8520009891081e-05	0.000227877412835949
531	-0.000369398955130109	0.000227871314021898
532	-8.43446499905712e-05	0.000227868501549256
533	0.000356201206121749	0.00022786224125457
534	0.00032399897808687	0.000227857704975801
535	0.000291424202501318	0.000227856803602326
536	0.000197039108277346	0.000227862529788845
537	0.00026410031323359	0.00022786556640565
538	0.000446515172906414	0.000227866122003369
539	0.000168247182784072	0.000227861229752213
540	0.000108492073549498	0.000227854206434889
541	0.000296702584268491	0.000227852657740416
542	0.000488568765698728	0.000227851710279126
543	0.000412433742542738	0.000227848842145829
544	0.000300771893692767	0.000227851421018616
545	-0.000121076391461043	0.000227858550799857
546	0.000133515569818631	0.000227861541209894
547	0.000325915687038578	0.000227873453916121
548	3.86790664432224e-05	0.000227877348620879
549	-8.87926147202114e-05	0.000227878616542181
550	8.62971262898369e-05	0.00022788899605994
551	-7.09297691949362e-05	0.000227906674467325
552	4.53118363399629e-05	0.000227915127612171
553	-2.59376012502812e-05	0.000227915734899286
554	-6.13646292241418e-05	0.00022791415995422
555	-0.000136996457602296	0.000227919346468981
556	5.67226987875994e-05	0.000227916826820067
557	0.000497377870377666	0.000227919260597706
558	0.000292181433131067	0.000227922425868093
559	0.000354727695983565	0.00022792225267942
560	0.000280733009064899	0.000227925732130769
561	3.56634667826156e-05	0.000227931701760788
562	0.000123668824041537	0.000227933639454224
563	0.000207743765478038	0.00022793430939946
564	0.000117213060861879	0.000227934570339685
565	1.53275458095235e-05	0.000227948788913424
566	-0.000157557565084155	0.000227955375477098
567	0.000374158415923996	0.00022795664305463
568	0.000508442894804855	0.000227957995590986
569	0.000502513593246786	0.000227960542483706
570	0.000440202976787319	0.000227963708521982
571	0.000334024437236258	0.00022796693210841
572	0.000281055112853662	0.000227968787821693
573	0.000195983745015762	0.000227974838862342
574	0.00038361169110857	0.00022798621486716
575	0.00030522692937705	0.000227990524410796
576	0.000333030631289771	0.000227991977624015
577	0.000491785543368252	0.000227990984348157
578	0.000131691424753377	0.000227994814917857
579	-9.43746278229697e-05	0.000227997711685284
580	0.000109279237415674	0.00022800470723209
581	0.000117956574758469	0.000228011925931095
582	0.000256727406193523	0.000228016186644687
583	0.000457281906085941	0.000228013515312102
584	0.000524929079093614	0.000228014700057476
585	0.000241948711737691	0.000228013249738064
586	5.03287349920156e-05	0.000228010804697093
587	0.000101214869025967	0.000228006171863881
588	1.57443056944836e-06	0.000228005235382584
589	0.000379518234340097	0.000228003805164258
590	0.000123082573174066	0.000228009735448259
591	0.000122778383001386	0.000228007688096196
592	0.000201983114374119	0.000228006314474291
593	9.40827123787492e-05	0.000228003458354186
594	0.000187914698407401	0.000227999592733791
595	0.000746645004194836	0.000227996698911571
596	0.000503475540102465	0.0002279956470965
597	0.000196125871559318	0.000227987820709597
598	0.000605436188246574	0.000227986520498501
599	0.000568942905052927	0.000227981805614029
600	0.000441044444868496	0.000227983414748316
601	0.000145380351803322	0.000227982968421594
602	0.00054389643826374	0.000227978277410107
603	0.000591886713441016	0.000227976991722123
604	0.000558791745439087	0.000227974217890088
605	0.000616202576247112	0.000227964064669734
606	0.000495391747704165	0.000227950118775936
607	5.37023249214813e-05	0.00022794328111113
608	9.14091651258033e-05	0.000227942382828208
609	0.000106064823038254	0.000227942189143827
610	0.000293423983346314	0.000227935658440377
611	0.000394304401948879	0.000227940175553192
612	0.000501869650610688	0.000227940285426909
613	0.000468306975486001	0.000227944313320494
614	0.000641985658924461	0.000227949547090634
615	0.000697240704326563	0.000227949557961842
616	0.000704811126107651	0.000227941926603928
617	0.000720632082337084	0.000227948939307994
618	0.000536929986766347	0.000227943760436766
619	7.9303105602908e-05	0.000227939909626837
620	-0.000261141709373429	0.000227938362707199
621	-0.000342021847841283	0.000227936268112475
622	-0.000260129522588417	0.000227939119104303
623	3.8890231049146e-05	0.000227951134729943
624	0.000567659277232901	0.000227950601406495
625	0.000488748228449497	0.00022795712866207
626	0.000325278804431156	0.000227966232667958
627	0.000285882551750818	0.000227975094985988
628	0.000409656560818157	0.000227973351275274
629	0.000177156127363492	0.000227969554103739
630	0.000301885666918835	0.000227969564086671
631	0.000304893018970045	0.000227966358847267
632	0.000298852367129474	0.000227965730740078
633	0.000273394399077501	0.000227972190641266
634	6.10723928732979e-05	0.00022797512071192
635	0.000165365411088049	0.000227978392735483
636	-3.77297771914982e-05	0.000227990587260886
637	9.50382511285187e-06	0.000227997386116955
638	0.000246601764070712	0.000228000814131453
639	0.00015913428153496	0.000228004190496862
640	0.000347222537260387	0.000228012042973752
641	0.000526161064509347	0.00022800643805199
642	0.000406543466790149	0.000228000504816899
643	7.21292089917899e-05	0.000228005558309231
644	0.00017184416460915	0.000228011530221234
645	-6.71144505397885e-06	0.000228013776404661
646	0.000101453985856201	0.000228013853763875
647	0.000288005005526246	0.000228012963185591
648	0.00019426339939612	0.000228010175519392
649	0.00024472327734788	0.00022800692889793
650	0.000226455573065163	0.000228004111286286
651	9.61005599656537e-05	0.000228021688073043
652	0.00021142537044236	0.00022803033875885
653	0.000292902792435909	0.000228031692844689
654	0.000292264501972432	0.000228030035011871
655	0.000583062058252643	0.000228037095819354
656	0.000364032594201364	0.000228038731379063
657	0.000575804620001478	0.00022805377788027
658	0.000565965410130869	0.000228064373004832
659	0.000772200198393447	0.000228075818122289
660	0.000688984992721356	0.000228083388791391
661	0.000262749937241348	0.000228089648595197
662	0.000158484313723865	0.000228096903741433
663	-6.900661082766e-05	0.000228097639252861
664	0.000199325987841484	0.000228099558877929
665	-1.40159238034005e-05	0.000228113575474358
666	-0.000405208687725169	0.000228123524041317
667	4.61791342565791e-06	0.000228124636640319
668	0.000136957718167444	0.000228128326709352
669	6.86952430515378e-05	0.000228133901212167
670	0.000134137333827856	0.000228136823846328
671	-1.80640991716019e-07	0.000228136620097727
672	6.21446193221191e-05	0.000228130997261051
673	-2.36457477239668e-05	0.000228122949810021
674	-0.000242068999546179	0.000228120147388911
675	-0.000188055861259646	0.000228118331945165
676	-8.39967294902693e-05	0.000228116557516584
677	0.000570683039137289	0.000228118402505042
678	0.000430772550392024	0.000228116959295199
679	0.00017656910812194	0.000228118414512608
680	0.000236034040372693	0.00022811247719175
681	-8.30221578348632e-05	0.000228102814174753
682	0.000224724101241094	0.000228093662729131
683	0.000316403540249013	0.000228092357731796
684	0.000145764789151817	0.000228089609163563
685	0.000178794717195926	0.000228065636133246
686	0.000406050804436353	0.000228050196938254
687	0.000345081417559247	0.000228050647238404
688	0.000205888479148128	0.00022804455306556
689	9.87988844237837e-05	0.000228032669500151
690	0.000294290388520521	0.000228012330568281
691	0.000443874457430423	0.000228004007189822
692	0.000130530294256931	0.000227997460308415
693	9.78240839348413e-05	0.000227984375671651
694	9.00216143122824e-05	0.00022797299936752
695	-0.000142528222993367	0.000227969107296603
696	-0.000187319068615579	0.000227970110054512
697	0.000132122779401466	0.000227964070102202
698	0.000284889637558436	0.000227965201562626
699	0.000288774062181549	0.000227956471556471
700	0.000260964703700442	0.000227957839997301
701	0.000122224910429347	0.000227965102932026
702	8.63617257924983e-06	0.000227971876975419
703	-0.000105035461484873	0.000227976573045239
704	-8.53708164243997e-05	0.000227982736923641
705	0.000164953401658727	0.000227985284310275
706	0.000285848222758082	0.000227993972225774
707	5.05170787222027e-05	0.000227994176067805
708	-1.44352664651467e-05	0.000228000446293334
709	0.000192387947009056	0.000227997835768136
710	0.0003413957631562	0.000227995687499339
711	0.000105294343573439	0.000227996517659221
712	-0.000162589017165696	0.000227994772605421
713	-0.00026204983778241	0.000227992279969838
714	-8.45471946066668e-05	0.000227988398526301
715	0.000118415675150329	0.00022798580659159
716	0.000259021679584324	0.000227983951310987
717	0.000304204201729343	0.000227984068454321
718	0.000255348430162895	0.00022797812099883
719	9.0352244790981e-05	0.000227976161552845
720	9.51516703194947e-05	0.000227966803656849
721	0.000128442073175886	0.000227959772014997
722	-5.82731586346386e-05	0.000227952373532949
723	9.68540810719646e-05	0.000227942821967801
724	0.000197140904586227	0.0002279320321154
725	0.000272767918720797	0.000227934094308873
726	0.00021053303829052	0.000227934153771164
727	-1.25772834018441e-05	0.000227939528736996
728	1.08763490155814e-06	0.000227940975268514
729	0.000100091386044717	0.000227943263707242
730	9.80593388034749e-05	0.000227939452711738
731	0.000183149544177889	0.000227940331349999
732	0.000115642208643975	0.000227936387212166
733	-9.47745853614196e-05	0.000227935206279244
734	-0.00028612586710377	0.000227935874677794
735	4.92113123190306e-05	0.000227936128816749
736	8.72851928578078e-05	0.000227933599928502
737	-0.000145982770087525	0.000227932028436351
738	-9.65994777630558e-05	0.00022792450308326
739	9.31622117146268e-05	0.000227928227876583
740	-6.77916595961468e-05	0.000227930627872532
741	-0.000361602898019034	0.000227922908539931
742	-8.96326922143815e-05	0.000227914905107076
743	0.000150426468398557	0.000227905927326586
744	0.000248833982025405	0.000227904867588476
745	2.44117521304346e-05	0.000227916356412152
746	5.13471977678076e-05	0.000227920698853569
747	0.000133417040394116	0.000227911550100748
748	0.00025376747810578	0.000227907273295192
749	2.65989097920602e-05	0.000227899100316567
750	-0.000180919027799717	0.000227894414724923
751	9.77012600534749e-07	0.000227891663411445
752	3.11518469545037e-05	0.000227881809590544
753	-1.96247473289329e-05	0.000227868141792257
754	0.00017749124890639	0.00022784751640598
755	3.98206700457012e-05	0.000227835892770703
756	0.000322964222630956	0.000227829965854862
757	0.000273214589606101	0.000227829161572182
758	-5.73243673829441e-05	0.000227826494843429
759	-4.470692711947e-05	0.00022782040171146
760	0.000114422151769786	0.000227827670745801
761	-0.000222510677620334	0.000227831269392493
762	-0.000129588788111016	0.000227827969173193
763	-8.68658757570954e-05	0.00022782323815903
764	7.76606584753911e-06	0.00022782041446031
765	-9.56256453876005e-05	0.000227822355420766
766	-0.000156143678697657	0.000227818198749035
767	-2.22732817719663e-05	0.000227820605147277
768	0.000169652910984043	0.000227816052281505
769	-0.000162833001790806	0.000227812787973735
770	-0.00028532458852872	0.000227809940782969
771	0.00034929866717837	0.000227806348617493
772	0.000673549572957819	0.000227802211545219
773	0.000362729824420696	0.000227797343471493
774	0.000117520929816452	0.000227808054173422
775	-0.000179460170061083	0.000227808496959465
776	-9.30090826296792e-05	0.000227801477720926
777	0.000406268564078718	0.000227809763711187
778	0.000255108664047332	0.000227815994392217
779	-8.39267441866638e-05	0.000227814999321959
780	-7.05735828216855e-05	0.000227813213907741
781	-0.000231961876528233	0.000227811603826041
782	-8.23987459975307e-05	0.000227808538355393
783	0.000108056870554363	0.000227805438224457
784	0.000250792002975728	0.000227802099517439
785	0.000224430140156263	0.000227792470972666
786	0.000445646589759808	0.000227787752958795
787	0.000628258432791361	0.000227786866962059
788	0.000365814400983393	0.000227788626460514
789	0.000245026038708792	0.000227783530516705
790	0.000535723231781183	0.000227786071629902
791	0.000166027128815675	0.000227787738486097
792	-0.000162016180998106	0.00022779238810631
793	-0.000261992948352296	0.000227800586008499
794	-0.000220564917953678	0.000227806727857356
795	4.21416126269501e-05	0.000227795060271992
796	-9.70249053234337e-05	0.000227793962884244
797	-3.18909642965339e-05	0.000227785103170794
798	-0.000192391718849549	0.000227787383360938
799	-6.48258197491619e-05	0.000227785926562011
800	0.000228023087869323	0.000227787005660297
801	0.000255325158914518	0.000227783232419321
802	3.34911408356387e-06	0.000227785459587362
803	0.000297595887353494	0.000227781822435876
804	0.000185100571523973	0.000227770894411098
805	-0.000145249204121641	0.000227764603536108
806	-0.000412770254466711	0.000227758036746857
807	-0.000111639258034012	0.000227742504267997
808	0.000305762837254456	0.000227730001581241
809	0.000113698021044816	0.000227717686389563
810	-0.000155960171791533	0.000227716372093762
811	-0.000211102002027256	0.000227720757710691
812	0.000251931060467304	0.000227719582010651
813	8.97285997956264e-06	0.000227720125190178
814	-2.66962578555964e-05	0.000227713954515984
815	0.000115710045336143	0.000227722315484692
816	0.000210045409549159	0.000227724239254309
817	5.90194221967543e-05	0.000227725523982129
818	0.000288873939404328	0.000227725426489689
819	0.000590716789410796	0.000227730443471268
820	0.000431958113556022	0.000227744249265262
821	0.000118366836519738	0.000227742662499716
822	-0.000119941509249065	0.000227731664937743
823	-0.000164343988732541	0.000227742707452078
824	1.47423922694688e-05	0.000227740342964833
825	-5.83324319512946e-05	0.000227741565448638
826	-0.000149673989308932	0.000227745225865607
827	0.000432733004863713	0.000227750527530827
828	0.00045226443618369	0.000227745403820942
829	0.000165801839120166	0.000227745628888539
830	-3.39083445212688e-05	0.000227744502851407
831	8.73824572673123e-05	0.000227748019303952
832	-0.000114060225042203	0.000227747419448984
833	-4.50260157855583e-05	0.000227753987735872
834	0.000176410337203537	0.000227760351886942
835	0.000433757428638464	0.000227760165776542
836	0.000355628331134758	0.000227757482683571
837	0.000465325257327037	0.000227762109017659
838	-8.9167895835636e-05	0.000227783770378414
839	-0.0004454655369922	0.000227773368540354
840	-4.78373339537238e-05	0.000227763494738922
841	0.000499107559257532	0.000227775997938887
842	0.000544689128005382	0.000227768292201946
843	0.000480247130954	0.000227752520763546
844	0.000671311976733347	0.000227740900160054
845	0.00052320504626254	0.000227725793100482
846	0.000364905428726709	0.000227715566200273
847	0.000435672351884793	0.000227702973659076
848	0.000427968438481722	0.000227697983354912
849	0.00030425550362562	0.000227698060469837
850	0.000101072276215401	0.000227696504906527
851	0.000233120525899819	0.000227692867743142
852	0.000395933787148137	0.000227693860543779
853	0.000642057188906743	0.000227694262967177
854	0.000707806638870291	0.000227690703735253
855	0.000317108558359233	0.00022767237396526
856	0.000241927802169824	0.000227663665027367
857	0.000199610509301094	0.000227666428514624
858	0.000350722630644716	0.000227663435673226
859	0.000321108209817542	0.000227650483150141
860	0.000250362462744262	0.000227630946232265
861	0.000407144849755416	0.000227622872218016
862	0.000538224285906044	0.000227614110037121
863	0.000450206933466349	0.000227606023798465
864	0.000370309212707654	0.000227583281998465
865	9.47321156198445e-06	0.000227563650566767
866	-3.21676470960935e-05	0.000227560911872627
867	0.000254178495831922	0.000227559733637113
868	0.00014961262633293	0.000227559111197903
869	0.000117271030230833	0.000227545511590862
870	3.01347492724611e-05	0.000227545406122974
871	0.000113068476791559	0.000227548638437548
872	-2.88986907147362e-05	0.000227545152298177
873	-4.20574281742219e-05	0.000227538731818859
874	3.24976142413185e-05	0.000227528579424847
875	3.59412425377934e-05	0.000227528108860994
876	4.61547485766592e-05	0.000227524120697708
877	0.000122881043868791	0.000227521845124062
878	-0.00011978059634366	0.000227521597881341
879	0.00039380657241917	0.000227527812070188
880	0.00033083636861557	0.000227532337245962
881	0.000543233059318835	0.000227534552980591
882	0.000364167630916082	0.000227535658727158
883	-0.000166087350902752	0.000227539025176037
884	-0.000128907256236546	0.000227534519427262
885	6.83738738182599e-08	0.000227539664869278
886	-2.96118336897496e-05	0.000227544323054876
887	0.000224661392618295	0.000227532029505768
888	0.000312646022864181	0.000227525785507654
889	0.000236298117895509	0.000227527352401411
890	0.000222626547995206	0.000227519702976233
891	0.000181149432206967	0.000227519509079475
892	5.62531481799312e-05	0.000227520182880752
893	5.35139513053692e-05	0.000227517604253951
894	-0.000314884526801261	0.000227516340970574
895	-0.000371811957210652	0.000227520514334851
896	-0.000268328011525144	0.000227519214265546
897	-0.000359233120446512	0.000227517677704386
898	1.72995127272997e-05	0.000227513656405447
899	1.81529549960289e-05	0.000227510222909575
900	0.000240174598315471	0.000227514162845543
901	-8.27599766995149e-05	0.000227520419425336
902	-0.000169440422514075	0.000227518902864926
903	-0.000221846849593766	0.000227519780035568
904	-0.000214955772795396	0.000227519706437113
905	-9.60689963923103e-05	0.000227519590688592
906	-0.000194670398323518	0.000227520802261233
907	0.000144603449263336	0.000227519949960072
908	0.000302324291120503	0.000227518219201109
909	0.000227236124398394	0.000227518341189147
910	0.000105586122385339	0.000227521215859077
911	0.000126110494432739	0.000227518273583858
912	9.6718340545753e-05	0.000227507794570283
913	0.00019024678155923	0.000227507686263005
914	2.40859774039291e-05	0.000227505272636367
915	-0.000209504890903981	0.000227504551078849
916	-0.000159845591345536	0.000227497416862592
917	-1.20553558493635e-05	0.000227487160642722
918	0.000236571648725319	0.000227473811044503
919	0.000117932487480287	0.00022746456967317
920	-5.98633086646338e-05	0.000227463479969762
921	-2.24325347065252e-06	0.000227455153656435
922	-0.000243434693842091	0.000227433221179965
923	0.00010595934694576	0.000227408754338964
924	0.000341131988241525	0.00022739373506779
925	0.000305628845362388	0.000227388024481153
926	0.000298673379057048	0.000227385902049233
927	0.000571539769938043	0.000227376927707403
928	0.00052533602094602	0.000227358038252042
929	0.000464520797420897	0.000227342257665453
930	0.000174350032626153	0.000227335212805644
931	0.000106375995545356	0.000227323020791498
932	0.000134910358146838	0.000227313224613709
933	0.000349187026798544	0.000227300665903077
934	0.000310390811009394	0.00022728634108185
935	0.000252494165340468	0.000227276653165756
936	0.000506668025656069	0.000227268065742269
937	0.000220119278844923	0.000227262732134496
938	0.000300017738406966	0.000227251874388552
939	0.000327574324450364	0.00022724162637824
940	0.000344372427110467	0.000227231215788021
941	0.000564733415027352	0.000227227094821781
942	0.000474440313090397	0.000227227918367154
943	0.000531213681477651	0.000227223037038286
944	0.00031579171880761	0.000227214680933816
945	5.84844154796641e-05	0.000227200726489033
946	-5.8665309551999e-05	0.000227191920343643
947	0.00028493558984974	0.000227195839206182
948	0.000476287098645263	0.000227192003882317
949	0.000449378843236453	0.000227186330587353
950	0.000339019530030784	0.000227179504054295
951	0.000224022611103503	0.000227175730728867
952	3.89872161771443e-06	0.000227180964491008
953	0.000184433104559155	0.000227181558326833
954	0.000181162746873894	0.000227181936306326
955	0.000166079826445444	0.000227171134059037
956	0.000232132686330817	0.000227162192834683
957	0.000129308368428595	0.000227153221549812
958	0.000284204181376832	0.000227135990613
959	0.00045324423669767	0.000227133109465814
960	0.000630468757510325	0.000227126394080439
961	0.000494817167198183	0.000227113059646543
962	9.03142499642898e-05	0.000227089620325887
963	2.37400247382596e-05	0.000227068712378303
964	0.000141904675892154	0.000227046340028781
965	0.000344532497594291	0.000227023034879973
966	0.000116191183244796	0.000227006886188149
967	-8.64149594688795e-05	0.000226995201751017
968	-2.74622158060689e-05	0.000226984824837975
969	0.000261492872458526	0.000226966036064968
970	0.00063425540005207	0.000226933451108134
971	0.000351322538017262	0.000226896978747899
972	0.000364426199455718	0.000226867787811312
973	0.000572847649000803	0.00022683976128537
974	0.000239390993650174	0.000226810372845675
975	0.000161686836249517	0.000226777149844406
976	0.000245154077707351	0.000226742960356753
977	0.000225150655601363	0.000226707774118062
978	0.000110467375766559	0.000226687038586836
979	0.000103945181589828	0.000226666793018093
980	6.28677840646191e-05	0.000226638945589655
981	0.000162926523932691	0.000226598417225846
982	0.000282619206819607	0.000226561553414013
983	0.000290309937855424	0.000226516028394828
984	0.000399458054785885	0.000226486526617984
985	0.000396544216252118	0.000226451046615338
986	0.000467547674041164	0.000226408927595216
987	0.000271011621833883	0.000226364466361367
988	0.000529886791316452	0.000226313030911177
989	0.000559931031090775	0.000226268980083199
990	0.000469981161006466	0.000226233795587814
991	0.00051292913300548	0.000226188491692522
992	0.000657395418132857	0.000226134239771476
993	0.000284870070329292	0.000226081409875269
994	-0.000207769153265382	0.000226012175085018
995	0.000129239605612302	0.000225951573402552
996	0.000426561938147191	0.000225870250719668
997	0.00043940217901844	0.000225775535247985
998	0.000511281841764339	0.000225655733040721
999	0.000216061500551496	0.000225493162441543
1000	0.000102060930844809	0.000225202013245238
