setwm_label	lwr_antQ	upr_antQ	mean_antQ	wtd_meanp	pvol	tpeak	tpeak_se	NRF_peakht	NRF_peakht_se	width	width_se	rc	rc_se	rsum	rsum_se	n.nz
p<1.75|antQ0.00876-0.1	0.00875866	0.1	0.0624051851932347	0.913428809097341	0.913428809097341	7.45777139836024	0.66557205485997	0.00526054900663579	0.000559357517978037	9.9291475995426	2.36228799885122	-0.0516274236283656	0.0954435274454234	-0.0471579760816219	0.0871808676105225	4539
p=1.75-3.5|antQ0.00876-0.1	0.00875866	0.1	0.0624051851932347	2.6241604299139	2.6241604299139	4.85920428097985	0.112642368924712	0.030194116780947	0.00156084480956541	4.43967215606166	0.226820109265634	-0.557403027841082	0.103156070143083	-1.46271496917477	0.270698077374902	694
p=3.5-5.25|antQ0.00876-0.1	0.00875866	0.1	0.0624051851932347	4.35767868437698	4.35767868437698	3.80477991289556	0.102820953523444	0.0776570592359022	0.00387674854159227	4.2793429285295	0.220823405170975	-0.0816724722184857	0.133878875707384	-0.355902391286866	0.583401122958421	204
p=5.25-7.1125|antQ0.00876-0.1	0.00875866	0.1	0.0624051851932347	6.04143486385478	6.04143486385478	3.1670199534353	0.0456951359930606	0.163867835155138	0.00612562596686294	2.7263349566913	0.122895501363921	0.128441341577301	0.154876509826642	0.775969998965388	0.93567634605882	59
p<1.6375|antQ0.1-0.2	0.1	0.2	0.147442481394474	0.840654524906546	0.840654524906546	5.89628227263109	0.26427269197702	0.0111699821910343	0.000889873854108202	12.1380796993297	1.48893500175793	0.470914944382884	0.105302375249535	0.395876778841586	0.0885229182369286	4270
p=1.6375-3.33333|antQ0.1-0.2	0.1	0.2	0.147442481394474	2.40791072452298	2.40791072452298	4.21613267875989	0.0697017583141695	0.0577538465421259	0.00146844939356119	5.62792421587905	0.27650692555541	0.390307711762745	0.103575930125883	0.939826125017538	0.249401592952556	813
p=3.33333-5.0625|antQ0.1-0.2	0.1	0.2	0.147442481394474	4.09335377529369	4.09335377529369	3.56976950565097	0.101711861785049	0.156337367110893	0.00759458388576553	4.27868371911437	0.165051069037207	0.44223201756576	0.128023880079877	1.81021209865855	0.524047032852711	250
p=5.0625-6.875|antQ0.1-0.2	0.1	0.2	0.147442481394474	5.84031654763346	5.84031654763346	2.98817369965444	0.0293129041135356	0.298897736974752	0.00586540855418077	3.54148669601419	0.123339024785306	0.421921440581848	0.157043972103429	2.46415477123151	0.917186508981746	75
p<2.25|antQ0.2-0.5	0.2	0.5	0.326744337939165	1.16532602384815	1.16532602384815	5.80990474251028	0.18387292283641	0.0298218080447596	0.000897603245724809	10.7988979572726	0.459983755451284	0.626792085111133	0.0632169419668577	0.730417128322046	0.0736683476220773	6212
p=2.25-4.5|antQ0.2-0.5	0.2	0.5	0.326744337939165	3.32647508893114	3.32647508893114	3.4423575715798	0.0994501158870239	0.161602946615429	0.00598010403026028	5.22952365432318	0.262508532978673	0.722503505208134	0.0764072988146628	2.40338991174029	0.254166976119494	923
p=4.5-6.75|antQ0.2-0.5	0.2	0.5	0.326744337939165	5.59170820101676	5.59170820101676	2.93463019165254	0.0528940437301882	0.466086985798451	0.0138960805885586	3.6830639332535	0.122666091499436	0.746501992674496	0.0996886106426354	4.17422131451333	0.557429621678391	230
p=6.75-9.125|antQ0.2-0.5	0.2	0.5	0.326744337939165	7.73918515313338	7.73918515313338	2.76343304487569	0.0857871168112689	0.80605645707028	0.0571626180470329	3.29260878770489	0.252017614378796	0.461104427673096	0.124020168044155	3.56857254069169	0.959815043216434	59
p<1.9|antQ0.5-1	0.5	1	0.700732390774238	1.02238653742089	1.02238653742089	4.46109558081232	0.228413027736979	0.0388161805326611	0.00206432191731541	11.4649613866552	0.635780626760832	1.0250960167169	0.100337093968793	1.04804436705514	0.102583294077629	3058
p=1.9-3.83333|antQ0.5-1	0.5	1	0.700732390774238	2.77760737721217	2.77760737721217	3.34464704758439	0.152695934502408	0.183983523062186	0.012114535416068	5.92778380751549	0.409415852039074	1.00154483189187	0.0978138977560948	2.78189831367157	0.271688604001206	728
p=3.83333-5.8125|antQ0.5-1	0.5	1	0.700732390774238	4.7627662385709	4.7627662385709	2.81693828750718	0.131338883520196	0.471855773837134	0.0359300562208856	4.46728745323489	0.342463752262993	0.822653738416699	0.116217631069272	3.91810745136519	0.553517409583419	235
p=5.8125-7.875|antQ0.5-1	0.5	1	0.700732390774238	6.76780764612084	6.76780764612084	2.67008863489714	0.139621942443446	0.837369760617681	0.094709539135278	3.29839437304726	0.387103096747499	0.51238876596502	0.17266324279531	3.46774860808448	1.16855161479412	69
p<2.4|antQ1-20.2	1	20.18325015	2.14171186822828	1.38981408358013	1.38981408358013	3.79872957545505	0.18840224273802	0.0853774655658002	0.00629142635355353	7.28360587854085	0.663216760621856	0.929636966995096	0.097416209151518	1.2920225493465	0.135390419447767	1880
p=2.4-4.86667|antQ1-20.2	1	20.18325015	2.14171186822828	3.57174094137138	3.57174094137138	2.75143506971061	0.133765219743293	0.381101457873292	0.030142929688473	4.56880853587264	0.326093639325676	0.837380777270562	0.06515282017794	2.99090720569466	0.232708995275356	680
p=4.86667-7.3125|antQ1-20.2	1	20.18325015	2.14171186822828	5.98099423733637	5.98099423733637	2.5606813738385	0.159270416914157	0.835943762075973	0.108214455976836	3.20744084718879	0.345069276305911	0.769811741672009	0.0637466415092524	4.60423959077416	0.381268295516386	244
p=7.3125-9.875|antQ1-20.2	1	20.18325015	2.14171186822828	8.49629419613076	8.49629419613076	2.16471314381544	0.00276231490086605	1.61000419739597	0.00519079906645774	2.35891298476775	0.0114683743240054	0.69490541456403	0.0846707315940614	5.9041208406202	0.719387445424769	81
