lagtime	RRD_p|all	se_p|all
0.333333333333333	0.00112228664712431	2.33089035214315e-05
1	0.00180504388595754	2.0480550919076e-05
2	0.00275314009511428	2.85170397164164e-05
3	0.00376390838119179	3.5621762533453e-05
4	0.00391978684638442	4.18911308671869e-05
5	0.00362570316457841	4.73816750705864e-05
6	0.00342607414192135	5.21560760391865e-05
7	0.0033868123060971	5.62950955233291e-05
8	0.00357775142615079	5.99092406559354e-05
9	0.00383052590879911	6.30669080079382e-05
10	0.00410601342222304	6.58212195083492e-05
11	0.00435184415842168	6.82345816507818e-05
12	0.00456092278071513	7.03606997872514e-05
13	0.00462946610607872	7.22294415673825e-05
14	0.00461783824161124	7.38784154049044e-05
15	0.00453851116290642	7.53295910364648e-05
16	0.00443349964641051	7.66017199452264e-05
17	0.00432928831503493	7.77218816721156e-05
18	0.00418823264854327	7.87095547536631e-05
19	0.00406163784961632	7.95783514296161e-05
20	0.00393010738522029	8.03449731261e-05
21	0.00377424125422955	8.10170524000594e-05
22	0.00364969809374022	8.16058146247125e-05
23	0.0035379914877781	8.21313676786044e-05
24	0.00343877495415755	8.25771108504491e-05
25	0.00329581872545654	8.29535305643777e-05
26	0.00314758509676069	8.32767802143793e-05
27	0.00302109135268374	8.35483692514647e-05
28	0.00292063444489136	8.37894100784954e-05
29	0.00280926426630057	8.40082617486858e-05
30	0.00274294014354769	8.41962907786244e-05
31	0.00273125620098609	8.43529288030032e-05
32	0.00270162218459967	8.44692124786959e-05
33	0.00266524883740236	8.45616242470328e-05
34	0.00259600627295715	8.46296717726099e-05
35	0.00252163346666824	8.46792535733207e-05
36	0.00251368827273927	8.47145226223687e-05
37	0.00249140360924845	8.47383685724005e-05
38	0.00246189440598745	8.47554871857401e-05
39	0.00243114753065831	8.47677747951321e-05
40	0.00238085752286034	8.47782691971325e-05
41	0.00231065474965245	8.47875359408419e-05
42	0.00222420082897927	8.479621533905e-05
43	0.00212351966721101	8.48060453656716e-05
44	0.00203956583347716	8.48158051556186e-05
45	0.00195050157328504	8.48282461808809e-05
46	0.00188786626094272	8.48440883791386e-05
47	0.00181666240067465	8.48618242453707e-05
48	0.00177402351377283	8.48769631211558e-05
49	0.00172421039362416	8.48908046426675e-05
50	0.0016827951980453	8.49031500795246e-05
51	0.00167524405948294	8.4913157269404e-05
52	0.00167455635018498	8.49165741243689e-05
53	0.0016597350008667	8.49163981403384e-05
54	0.00163732771669002	8.49133583150615e-05
55	0.00160393320228027	8.49089653490543e-05
56	0.00155838190964709	8.49045597168795e-05
57	0.00153436969539066	8.49001262925296e-05
58	0.00149201690520693	8.48965196375015e-05
59	0.00143442193785589	8.48935239950837e-05
60	0.0013852005021704	8.48903575524926e-05
61	0.00134963650786817	8.4887457130625e-05
62	0.00131762212582061	8.48853687724344e-05
63	0.00127596178971671	8.48841701203155e-05
64	0.00123507169726906	8.48834864571816e-05
65	0.00117608351288736	8.48829964310941e-05
66	0.00115688188065373	8.4883432855579e-05
67	0.00111228673467526	8.48853455083455e-05
68	0.00107230304416062	8.48881512472393e-05
69	0.00104492755234214	8.48914775579031e-05
70	0.00099936725448851	8.48947796022246e-05
71	0.00097451713786675	8.48972323463265e-05
72	0.000955394819489661	8.48990160439495e-05
73	0.000917656715133289	8.48994921357737e-05
74	0.000890915614207085	8.48996556422777e-05
75	0.000896481147036373	8.4900237611176e-05
76	0.000903793253696492	8.49012832300731e-05
77	0.000921740390833122	8.49033945768553e-05
78	0.000923659402014935	8.49064612744671e-05
79	0.000914951565712858	8.49089971769957e-05
80	0.000886291752188248	8.49131982794775e-05
81	0.000867036352752736	8.49173124438283e-05
82	0.000857438582885069	8.49211312117682e-05
83	0.000827696325769961	8.49255983895688e-05
84	0.000794499189783883	8.49298265698644e-05
85	0.000786029715587285	8.49343221403183e-05
86	0.000783540696908973	8.49395724850125e-05
87	0.000775986551772838	8.49452387743057e-05
88	0.000754423776745979	8.49514079971231e-05
89	0.000743133370468442	8.49570545761289e-05
90	0.000736658151135666	8.49619693891437e-05
91	0.000724999918314157	8.49685195195416e-05
92	0.000715433245526568	8.49772883624917e-05
93	0.000702741843763178	8.49898419471636e-05
94	0.000740276061329855	8.5006266471474e-05
95	0.000745353272964856	8.50250546579088e-05
96	0.000743503425836857	8.50448212303359e-05
97	0.000708294271797956	8.50636843873902e-05
98	0.000685952531013008	8.50828793404909e-05
99	0.000664495339805721	8.51016017377643e-05
100	0.000649933219282155	8.51187844426397e-05
101	0.00062942290446893	8.51346941147384e-05
102	0.000603289382130628	8.51490447180095e-05
103	0.000592428057548571	8.51615316220655e-05
104	0.000590504717296263	8.51727420336555e-05
105	0.00058161211294177	8.51813725679468e-05
106	0.000575190657859418	8.51864025559836e-05
107	0.000564304525852919	8.5188200437441e-05
108	0.000555524707278016	8.51887611814067e-05
109	0.000548945392646921	8.51886202939191e-05
110	0.000528677313630255	8.51887845840954e-05
111	0.000525720718398795	8.51885506303795e-05
112	0.000506773410012682	8.51880033987074e-05
113	0.000511303679496863	8.51870712692082e-05
114	0.00050692301856714	8.51861920254698e-05
115	0.000488020131998153	8.51858558857216e-05
116	0.000482594798185323	8.51855391215119e-05
117	0.000487170387388808	8.51847247201207e-05
118	0.000473871614682298	8.51813611788237e-05
119	0.000473710247144603	8.51740270975158e-05
120	0.000445195610563721	8.51631649124195e-05
121	0.000458660953133276	8.51501285883049e-05
122	0.000483314924543112	8.5136065312206e-05
123	0.00048028575277931	8.51194912492331e-05
124	0.000499336361595449	8.51037208099772e-05
125	0.000518491291090991	8.50879063264292e-05
126	0.000499989095371717	8.50739846098805e-05
127	0.000503442596439808	8.50614886448866e-05
128	0.000500771693999964	8.50508612175808e-05
129	0.00049053866660431	8.50403443760193e-05
130	0.000494785625123822	8.50312792009098e-05
131	0.000502282704933945	8.50257080278984e-05
132	0.00050240863057717	8.5023237204834e-05
133	0.000512793617159507	8.50242870230232e-05
134	0.000512745112705102	8.50275116842366e-05
135	0.000531798496321691	8.50329098117596e-05
136	0.00056005721348869	8.50394860888928e-05
137	0.000549053137037594	8.50465840439385e-05
138	0.000517307370040836	8.50538872665572e-05
139	0.00045024781695028	8.50606560570311e-05
140	0.000394728880073057	8.50664148337879e-05
141	0.000362452551361185	8.50709952246687e-05
142	0.000383099394235885	8.50737364362316e-05
143	0.00039798320275158	8.50749363033227e-05
144	0.000407501498198212	8.50748728029728e-05
145	0.000396715159369414	8.50741869130134e-05
146	0.000384101599232951	8.50731940014051e-05
147	0.00039423773090959	8.50707942069822e-05
148	0.000370073466437873	8.50679535196969e-05
149	0.000364915364135171	8.50642482172803e-05
150	0.000360546924799672	8.50519652132197e-05
151	0.000336582887155655	8.50417520514787e-05
152	0.000320248126093755	8.50247028892851e-05
153	0.000318747054698214	8.50031690026393e-05
154	0.000324989934233201	8.49801350167068e-05
155	0.000345683507320013	8.495453853142e-05
156	0.000390084042585317	8.49277520551592e-05
157	0.000379468467885961	8.48998734847605e-05
158	0.000372784436296864	8.4870120289573e-05
159	0.000379771972094128	8.48389597311915e-05
160	0.00038554741763247	8.48071099917006e-05
161	0.000371531262239303	8.47730255992209e-05
162	0.000366497298296844	8.47353809963581e-05
163	0.000364865272350527	8.46938561921089e-05
164	0.000380915650257744	8.46442720009593e-05
165	0.00038077783905064	8.45849359471864e-05
166	0.000369009464838359	8.45086961228164e-05
167	0.000356264990272278	8.4409165042563e-05
168	0.00035520662958952	8.42496841385353e-05
