lagtime	RRD_pR|all	RRD_pB|all	se_pR|all	se_pB|all
0.333333333333333	0.00208900848167087	6.44510359995597e-05	5.18877512593712e-05	6.04037699639327e-05
1	0.00340586635304252	0.000293919656957386	4.71116417693651e-05	5.46408124730458e-05
2	0.00486995000215071	0.00047956274964675	6.72926039210042e-05	7.84685841316602e-05
3	0.00663565693356127	0.00103588262430074	8.58911550576063e-05	0.000100850143262561
4	0.00667266111919751	0.00183614515541561	0.00010291815786173	0.000121565631910625
5	0.0057673463315117	0.0023241990510517	0.000118345846245124	0.000140516184115288
6	0.00503911561323014	0.0026513036981333	0.000132260470297246	0.000157610908658016
7	0.00463143501255759	0.00301555635499483	0.000144748230740584	0.000172997252850232
8	0.00458370426280928	0.00333081804584705	0.000156010752194085	0.000186910755011898
9	0.00468823861625965	0.00396196499509762	0.000166177552841008	0.000199556251125992
10	0.00486827716378742	0.00481658867466297	0.000175309586490039	0.000210994152234698
11	0.00501974658493336	0.0054700115584666	0.000183515090362277	0.000221235954697297
12	0.00518182559418033	0.00594546543476759	0.000190904398634563	0.000230421127196438
13	0.00518761334383063	0.00622901710632048	0.00019755724334447	0.000238664605706962
14	0.00509802052554929	0.00622086725980575	0.000203553718874094	0.000246133571121443
15	0.00495181653748558	0.00636479421454185	0.000208960106339205	0.000252880968826098
16	0.00481427582764677	0.00644488837327297	0.000213823098780478	0.000258963416090147
17	0.00472557951964712	0.00635066403806999	0.000218198307627203	0.000264399303152871
18	0.00452283802950295	0.00612219551423072	0.00022215016707601	0.000269281619715062
19	0.00430995567912825	0.00607290066635706	0.000225728143088599	0.000273670961590737
20	0.00410174158822244	0.00606095506784046	0.000228953957039006	0.000277645413120222
21	0.00390100606803444	0.00612524530239501	0.000231847919140786	0.000281203714095362
22	0.00381204744232789	0.00591319152031762	0.000234433571534433	0.000284378147431529
23	0.00373144169553354	0.00567674206783552	0.000236771679778443	0.000287211512136735
24	0.00365362879604984	0.00542976259168738	0.00023881883121657	0.000289666732840331
25	0.00343136056292684	0.00519700370652331	0.000240613492401073	0.000291793180461031
26	0.00320248213264256	0.00508111052264222	0.000242210979746778	0.000293684564699344
27	0.00302929185086948	0.00499618558850672	0.000243608496344954	0.000295365228308462
28	0.00294416105660248	0.00498508434161474	0.000244869324229205	0.000296884533669276
29	0.00283260897448346	0.00491563861499303	0.000246021796415869	0.00029827082576364
30	0.0028495913655609	0.00477323422122712	0.000247054618172133	0.000299547880117198
31	0.00301206049194974	0.00457644040640793	0.000247988695624513	0.000300726492048221
32	0.00314805039915754	0.00425975344778923	0.000248805550327333	0.00030181225351242
33	0.00328232386673792	0.00396069580520023	0.000249544550835821	0.000302806846003374
34	0.00333388335314336	0.00359009047595681	0.000250207649950988	0.000303710757482286
35	0.0033577624813377	0.00320732000512736	0.000250798782600644	0.000304536611580618
36	0.00351321183335133	0.00287294455432228	0.000251326610458739	0.000305286820266397
37	0.00362632404365608	0.00260421176733357	0.000251810545877089	0.000305958453168168
38	0.00370545257027606	0.00236680235277372	0.000252264043123318	0.000306591180823384
39	0.0037613553544402	0.00223747539859072	0.000252690169962563	0.000307155237070726
40	0.00375271222090896	0.00213326576413344	0.000253090351584898	0.000307647388874864
41	0.00368493909500437	0.00206201957932793	0.000253464406354476	0.000308066926462146
42	0.00357662036239684	0.00196263701222437	0.000253804615261107	0.000308434337545183
43	0.00341005670731356	0.00188313403865851	0.000254118372057531	0.000308755943760866
44	0.00327780233035646	0.00184724383776739	0.000254408057318086	0.000309038151549561
45	0.0031487486503999	0.00177387908240403	0.000254689918384733	0.000309295420246223
46	0.00308329392957443	0.00170496568160845	0.000254981018634053	0.000309531176532605
47	0.00301193073792188	0.00155145686040133	0.00025527287351373	0.000309744157190263
48	0.00297361860415107	0.00136774156507541	0.00025555250833964	0.000309937841275815
49	0.00290372579820271	0.00124197676345686	0.000255824526092271	0.000310105027888137
50	0.00287168755210833	0.00110269130729337	0.000256090237089691	0.000310260856514755
51	0.00283976312666934	0.000951432194189734	0.000256354295304194	0.000310424496356291
52	0.00280462702767993	0.000838116973115973	0.00025658294353215	0.000310578297979352
53	0.00274386368624455	0.000771888131772707	0.000256794626319273	0.000310716584336218
54	0.00265992102885559	0.000820836131320404	0.000256970614012948	0.000310828646677477
55	0.00256328718076224	0.000892053434188634	0.000257111274542336	0.00031091349365645
56	0.00241081293677316	0.000852813792797478	0.000257220128021664	0.000310974442301334
57	0.00230106080091837	0.000968093537670833	0.000257300915408506	0.000311022424066988
58	0.00219258856230668	0.00107619472879851	0.000257363980663526	0.00031106810200197
59	0.00209917465588958	0.000997187430257297	0.000257419315904842	0.000311112217310635
60	0.00203645419076014	0.000852113781694026	0.000257474252549219	0.000311151659695366
61	0.00199167913935075	0.000689698245190956	0.000257528442878822	0.000311185344387738
62	0.00193645511188177	0.000610303531826345	0.000257584431391602	0.000311211320246722
63	0.0018625413578425	0.000564810147890382	0.000257641504613778	0.000311231407903239
64	0.00179251476677306	0.00054900198648881	0.000257693492498804	0.000311251829260614
65	0.00167077234395876	0.000698874008867923	0.000257742746844361	0.00031127069103373
66	0.0016543046458882	0.000857271687499051	0.000257792220938835	0.000311292376930096
67	0.00160037525918814	0.00093657216109843	0.000257835928085643	0.000311322688008567
68	0.00153874424616577	0.000918509893126274	0.000257881445642311	0.000311359361896717
69	0.00149980217322767	0.000925937854412006	0.000257932465942454	0.000311394882450952
70	0.0014305946794716	0.000923681530025208	0.0002579897764215	0.000311451261967475
71	0.00140878465317992	0.000887669149214848	0.000258052284200886	0.000311520644107931
72	0.00140784668595839	0.000845884841153907	0.000258121740529977	0.000311602766728003
73	0.00135113558497075	0.000774624024921524	0.000258199987881949	0.000311694467865449
74	0.00130144841074443	0.000744849900487523	0.000258280356613191	0.000311794376377571
75	0.00130318373034952	0.000721508634453751	0.000258365752285661	0.000311894216917485
76	0.0013168191714865	0.000770552398699855	0.000258454863217847	0.000312009610190196
77	0.001345957230795	0.000818679017686234	0.00025854920830718	0.000312125898677941
78	0.00131580567449147	0.00078378162407617	0.00025864815210492	0.000312239269955498
79	0.00126030482792773	0.000743843782115704	0.000258749164262934	0.000312349418298002
80	0.00119248386060927	0.000724114104437107	0.000258858329864708	0.000312463931242191
81	0.00113951188805631	0.000733379181520339	0.000258969801123055	0.000312585745577402
82	0.00110113626925803	0.000837930713651148	0.000259089520270264	0.000312720309493264
83	0.00106280617042934	0.000831758749731372	0.000259214709383758	0.000312866843497357
84	0.00103372111070746	0.000743148774043545	0.000259345045005991	0.0003130206417083
85	0.00104063650604251	0.000639108385211123	0.000259478559063826	0.00031317515288465
86	0.00105059735072584	0.000567175494685804	0.000259639418671007	0.000313311067489749
87	0.00103800356146521	0.000498722048339569	0.000259829384887037	0.000313518454247341
88	0.000967908496552414	0.000464985792843601	0.000260074100558107	0.000313839284712135
89	0.000864427277884495	0.000630878108677543	0.000260374253586977	0.000314267741661534
90	0.000795526145269595	0.00096354805060136	0.000260716345303594	0.000314763649014646
91	0.000747316705649563	0.00108857833769805	0.000261090724651961	0.000315299967951838
92	0.000739176287415003	0.00112022509314605	0.000261488325268461	0.000315851769924469
93	0.000763221406556372	0.00108189209749519	0.000261896257443065	0.000316404529245181
94	0.000904208838928794	0.00104997048438211	0.000262302847550099	0.000316939684111374
95	0.000932675303646262	0.000987299988418369	0.000262705609515584	0.000317445332161838
96	0.000943605392884324	0.000984726406401622	0.000263095587063343	0.000317918152343881
97	0.000903278134488091	0.000902175204921478	0.000263451519270079	0.000318352370095024
98	0.000879408872697041	0.00082778658455366	0.000263778874602923	0.00031874632758751
99	0.000868878244079653	0.00075474948313853	0.000264083019829968	0.000319102253769967
100	0.00087105173662539	0.000724971175467918	0.000264367288421066	0.000319426933746107
101	0.000860098447699402	0.000668102004688724	0.000264640280818486	0.000319755858258295
102	0.000848622938447708	0.000545297041487368	0.000264897799060143	0.000320070966987848
103	0.00084494982369294	0.000456958051860417	0.000265141078791287	0.000320362826881991
104	0.000870507455329002	0.000414536693680493	0.00026537514874231	0.00032064179102596
105	0.00086823602748871	0.00037593434206311	0.000265595250022579	0.000320903987644182
106	0.00086409919623136	0.000335535598252268	0.000265795488995482	0.000321148162340251
107	0.000818033301890939	0.000295846839701919	0.000265980849733051	0.000321361358238292
108	0.000787062800295825	0.00029375069240433	0.000266156174105018	0.000321533180425788
109	0.00077883495601015	0.000318945268408942	0.000266337620531065	0.000321700136530391
110	0.000725691988403807	0.000332741775025278	0.000266531325927373	0.000321911405458752
111	0.000673244690649382	0.000351854123468169	0.000266764824415957	0.000322223671430577
112	0.000635852014577239	0.000378360398416192	0.00026703789089057	0.000322623511652602
113	0.000628225549311487	0.000447737731402176	0.00026734111477231	0.000323085374213352
114	0.000617020136234921	0.000451712143385473	0.000267662111109942	0.000323585870085873
115	0.000593955035483491	0.000445397343884696	0.000267993392699867	0.000324102637590466
116	0.000575255615375117	0.000409909504152829	0.000268321573604014	0.000324621075008649
117	0.00057834302215056	0.000384958693467934	0.000268633230019695	0.000325132328063714
118	0.000549350271288523	0.000380459852312544	0.000268923047836585	0.000325589032628713
119	0.00054577906005945	0.000390931608459646	0.000269181957100281	0.000325997365984553
120	0.000503752269011312	0.000463213918877624	0.000269404426803961	0.00032633839345435
121	0.00052372428804443	0.00045560000279276	0.000269607318697719	0.000326622702147712
122	0.000577321346523688	0.00046646503040436	0.00026979444002821	0.000326884580896149
123	0.00053694339379972	0.000493180280514106	0.000269960199231966	0.000327116528869909
124	0.000522936320442401	0.00053631354833902	0.000270109734291053	0.000327348926585202
125	0.0005017060136171	0.000521795884078335	0.000270235925147983	0.000327568905066498
126	0.000483175052751038	0.000500846905671428	0.000270348684796667	0.00032777418063401
127	0.000478865048189209	0.000532031704675516	0.000270457162289904	0.000327943644442794
128	0.000463384183004534	0.000523203140119448	0.000270567015642098	0.000328109511549352
129	0.000453530752083866	0.000559625748545813	0.000270669076873024	0.000328279239903443
130	0.000464455627554347	0.000536704448422394	0.000270763073782128	0.000328442164248611
131	0.000463429514732509	0.000534244192898423	0.000270846529277323	0.000328599828654481
132	0.000471487545145962	0.000499836472124451	0.000270921562292507	0.000328754397102452
133	0.000470248021205238	0.000476384017163488	0.000270990854825033	0.000328897564486285
134	0.00047196005298831	0.000511730225784402	0.000271052900509893	0.000329036437625048
135	0.000481518899357407	0.000508504745032235	0.000271112900791835	0.000329169655108609
136	0.000479446298734512	0.000600844019402024	0.000271162249344652	0.0003292976759125
137	0.00047345745049949	0.000567254239757113	0.000271207555249414	0.000329416579849069
138	0.000478955819175052	0.00052997172630466	0.000271248460683325	0.000329531765849712
139	0.000474820625175757	0.000487297674254336	0.000271282909889233	0.000329646336595963
140	0.000465033149504665	0.000399981374804554	0.000271317836580038	0.000329755697181981
141	0.00046915911022485	0.00037155386995349	0.000271347482402118	0.000329861429209193
142	0.00053186700624547	0.000380542723417841	0.000271369940991349	0.000329959403054056
143	0.000548190103510566	0.000363669001639651	0.000271373387997088	0.000330043534814593
144	0.0005656951735087	0.000388075057784412	0.000271354030716617	0.000330116540828373
145	0.000540568246804576	0.000372461173804237	0.000271319043606071	0.000330172276120363
146	0.000491811536468466	0.000374504863102605	0.00027127966843362	0.000330213872019318
147	0.000492770327575464	0.00039450150976055	0.000271239818221254	0.000330245456284202
148	0.000399356340868453	0.000396135412431956	0.000271197890819703	0.000330267824791418
149	0.000374164823873035	0.000428732577730195	0.000271160979322732	0.000330267936294796
150	0.00038055183480132	0.000458451590258013	0.000271129324992528	0.000330316487774568
151	0.000342407108066909	0.000460340649834203	0.000271083087171897	0.000330385117642568
152	0.000311512064452264	0.000441704415548242	0.000271000982694182	0.000330459375278311
153	0.000302948107896896	0.000447021537430973	0.000270890707451322	0.000330527737138095
154	0.000272578651566875	0.000458928281904152	0.000270756605561748	0.000330597202687861
155	0.000275027883074893	0.000510730360677615	0.000270602745139816	0.000330666480485646
156	0.000279759910503005	0.000578891859012213	0.000270439697021424	0.000330735634195605
157	0.000265656401654363	0.000594067195144901	0.0002702765069536	0.000330791823505689
158	0.000255873478572449	0.000634795701062491	0.000270101223009509	0.000330836806457674
159	0.000254264598112001	0.0006563842778426	0.00026991199688702	0.000330871282771045
160	0.000258276132107759	0.00064405370769347	0.000269715053621807	0.000330893481342686
161	0.000246263300308406	0.000651697521576736	0.000269513689425035	0.000330918734108814
162	0.000249539357078048	0.000630278465669568	0.00026930366239523	0.000330958331311691
163	0.000270970329577321	0.000610459735011063	0.000269088838392478	0.000331005210759819
164	0.000321050437359911	0.000602769463750712	0.000268865830110207	0.000331053361403546
165	0.000345701308217931	0.000626085912397016	0.000268629596267107	0.000331097558782288
166	0.000357391908065973	0.000540207520220162	0.000268368656758826	0.000331111222554952
167	0.000368438058174189	0.000392247977242505	0.000268083156845277	0.000331084990062373
168	0.000404286521534868	0.000336097913340472	0.000267754138853363	0.000330980949135313
