lagtime	wtd_avg_RRD_p|antQ0.0221-0.1	wtd_avg_RRD_p|antQ0.1-0.2	wtd_avg_RRD_p|antQ0.2-0.4	wtd_avg_RRD_p|antQ0.4-2.86	se_p|antQ0.0221-0.1	se_p|antQ0.1-0.2	se_p|antQ0.2-0.4	se_p|antQ0.4-2.86
0.333333333333333	0.000331829130110189	0.00187923875915392	0.00567459298719632	0.00974068127740285	0.000179786193577145	0.000151470911398156	0.000167622639701098	0.000229843811719285
1	0.00105048158306838	0.00276660525867091	0.00615661750140263	0.00945970065827354	0.000145574615645833	0.000120156272448038	0.000131954834216	0.000178710521011744
2	0.0018515141827759	0.00487290091741804	0.00910974288037833	0.012645959132553	0.000174973719340401	0.000141752140358625	0.000153782597900643	0.000205685476674023
3	0.00305736176427095	0.00672091036818193	0.0105203427561355	0.0138912149813701	0.000189271984509648	0.000152114156098762	0.000163265218666068	0.000215507202905475
4	0.00386977000059637	0.00774873363861556	0.0110022497971481	0.0134720136250063	0.000197102725210727	0.000158296398493362	0.000168488686174057	0.00021934742264994
5	0.00428998320183456	0.0079587430564072	0.0106831562540699	0.0126402701198952	0.000202281293956523	0.000162937054977219	0.000172365289731677	0.00022196136202193
6	0.004489329655696	0.00763768387610928	0.00998666726044682	0.0112274085824221	0.000206507635298491	0.000167004683900106	0.000175661255263606	0.000224294079981198
7	0.00417487168562491	0.00683505587312269	0.00856369461974975	0.00943793826263739	0.000210327253956747	0.000170487362139069	0.000178655163756109	0.000226251976586507
8	0.00397651164856964	0.00586551800994543	0.00726098562848216	0.008070807620249	0.000213778014978896	0.000173498801680639	0.000181045075335922	0.000227954498184716
9	0.0034797479492496	0.00497133792577992	0.00647044958536075	0.00709371646362404	0.000216800302657911	0.00017610372854612	0.000182938301447392	0.000229167642326479
10	0.00290571583817007	0.00423477112681334	0.00573919685254386	0.00632254011256236	0.000219418966797822	0.000178347399776152	0.000184706808132282	0.000229982363449951
11	0.0024026794605041	0.0037519870455179	0.00540649842026518	0.00669346957747037	0.000221574504923265	0.000180230351730305	0.000186248308341684	0.0002305885731245
12	0.00201525294668148	0.00328262900116255	0.00546385925246926	0.00641337026908007	0.000223294538444552	0.0001818551837911	0.00018761691374114	0.000231085862223844
13	0.0016779734018311	0.00289987385760393	0.00554735884020681	0.00609292269726598	0.000224771529152187	0.000183264205753909	0.000188792857234249	0.000231603554342959
14	0.0015058363693726	0.00266419938987015	0.00560634050849271	0.00561022588791204	0.00022605912864225	0.000184461121082957	0.000189768615018407	0.000231885851117429
15	0.0011832582336842	0.00247994120754042	0.00552816075416762	0.00514491002596254	0.000227134072734638	0.000185423550724537	0.000190662328395792	0.000232162185030687
16	0.000916904037234492	0.00234937770209335	0.00526032123191517	0.00495863808541039	0.000228094950715524	0.000186232598003869	0.000191412785237408	0.00023232658514266
17	0.000875800944467876	0.00247724301304854	0.00506831577723736	0.0052734934114118	0.000228963289946058	0.000186929498100765	0.000192055736436786	0.00023252441029987
18	0.000963147840454937	0.00256329872110438	0.00500410642489784	0.00554948579935946	0.000229739513910456	0.000187498203525305	0.000192615254717577	0.000232628854665703
19	0.000770562078592395	0.00260838361901252	0.00492173526477443	0.00593029269565286	0.000230390506135335	0.00018802613048725	0.000193082562330447	0.000232710660663064
20	0.000661749786447404	0.00241082128713337	0.00458463925151431	0.0058819632644614	0.000230931674676882	0.000188476955722675	0.000193495258093765	0.000232671781914686
21	0.000358908535621634	0.00223925445216028	0.00435132563604049	0.00572123165865663	0.000231414241200934	0.000188872316388734	0.0001939094273057	0.000232574920010798
22	0.000269723119245873	0.00230082040258624	0.00428757682785487	0.00533430367741426	0.000231831471259888	0.00018921323262967	0.000194235616822358	0.000232321764353296
23	0.000382076791173275	0.00214028882509324	0.00418740463722106	0.00505359942376662	0.000232154857097171	0.000189523652568861	0.00019449268551136	0.00023205817898404
24	0.000162763324754257	0.00211428256431041	0.00411866070101769	0.0048683471635345	0.000232412746798532	0.000189809338587047	0.000194679242176134	0.000231857890368764
25	0.00018325526844134	0.00194773326114571	0.00384900074197056	0.00454755354019594	0.000232567508896707	0.00019006137704804	0.000194854496979302	0.000231674912908401
26	-4.58315632189941e-05	0.00196108006699039	0.0036721672693769	0.00423163788726756	0.000232673796083252	0.000190277390433599	0.000195027946305025	0.000231371400449715
27	-0.000340640907982607	0.00195752427760936	0.00369905512745912	0.00404482067810839	0.000232784565470476	0.000190448143801533	0.000195166303755321	0.000230863320537203
28	-0.000517940655332807	0.0019005668087547	0.00373310753293143	0.00425386537214645	0.000232892956373541	0.000190583663273031	0.000195282430740401	0.000230464659277928
29	-0.000612261662135117	0.00201041937292981	0.00370172316250336	0.00453913332011255	0.000232968315394302	0.000190762637384042	0.000195417485685585	0.000230003073817861
30	-0.000726039858346477	0.00190658997460752	0.00373995753341834	0.0042490520388735	0.000233004560112433	0.000190932310026819	0.000195617609200294	0.000229589773529384
31	-0.000499557120918083	0.00165811934743992	0.00363271953420648	0.00391158552252268	0.000233033873633433	0.000191073044838474	0.000195769712178987	0.000229129100423755
32	-0.000632509423546906	0.00153421388302978	0.00347235269471195	0.00405460851083807	0.00023311420791352	0.000191222252027902	0.000195814400114474	0.000228799131252914
33	-0.000908632795997043	0.00130068330200501	0.00327652157740856	0.00421498357327485	0.000233209348979279	0.000191355481574366	0.000195825888263443	0.000228654282918072
34	-0.000920045923110604	0.00125640393710522	0.00312775738719759	0.00422513151999433	0.000233298500650855	0.00019147039968427	0.00019588677070461	0.000228551915667055
35	-0.000857147095973704	0.00143466629053517	0.00315202052659958	0.00413749471511275	0.000233366973397084	0.000191561576441753	0.000195941403550491	0.000228458004823234
36	-0.000831711859229385	0.00144040551583364	0.00299710427980938	0.00394468819041468	0.000233400115031017	0.000191571118360962	0.000196004284271075	0.000228404296716349
37	-0.000816377767573965	0.00161928849452276	0.00297254170449568	0.00372926282429111	0.000233427498757246	0.000191563421204824	0.000196044817187591	0.000228361971087191
38	-0.000669554299114741	0.00190195914468158	0.00303288101537582	0.00352313490404891	0.000233456899521827	0.000191582848825268	0.000196076053926582	0.000228308793058691
39	-0.000902009291307314	0.0019316366780991	0.00277077238750783	0.00333605718611643	0.000233487274179362	0.000191591758796071	0.000196113508047933	0.00022827320994577
40	-0.0010141596681787	0.00169158973020872	0.00270072573716955	0.00341091787214262	0.000233501261945529	0.000191628938572188	0.000196175352784816	0.000228246347846113
41	-0.00108849718024277	0.00154501491413753	0.00283739464848404	0.0035020698915112	0.000233499850973726	0.000191669427562678	0.00019621836362452	0.000228234802312896
42	-0.00120980044340584	0.00146107240108034	0.00286296232483052	0.00345950835960693	0.000233483251202864	0.000191690978297018	0.000196239085740638	0.000228212929565254
43	-0.0010144327650674	0.00132925925141503	0.00280793162764847	0.00335621035486483	0.000233466424220113	0.000191705250391902	0.000196261121314803	0.000228180670902678
44	-0.000783259287348582	0.00131315724134021	0.00281147986897387	0.00334796551711281	0.000233478457358634	0.00019171487589458	0.000196312062020278	0.000228121698107742
45	-0.000771575064634349	0.00145394821082053	0.00277343297977201	0.0033217822562781	0.000233520079292495	0.000191722650799094	0.000196337272593071	0.000228081712885453
46	-0.000903813253251023	0.00163570172913235	0.00273173776789127	0.00324593185602723	0.000233593463954064	0.000191725131355794	0.00019633484345467	0.000228067941199759
47	-0.000820391232185451	0.00181609418369397	0.0027632612784862	0.0032192168708989	0.000233667205508289	0.000191748920883306	0.000196322687864385	0.000228056208099855
48	-0.000700292530257279	0.0018383030211938	0.00292049969515484	0.00326488351503677	0.000233719337818396	0.000191815999005785	0.000196314963725918	0.000228067156598365
49	-0.000880871245047349	0.00175936316725408	0.0029820711349461	0.00314480574461904	0.000233757337770423	0.000191862012981837	0.000196325381160399	0.000228060235895794
50	-0.000829798471301405	0.00161687829549556	0.00288035130134888	0.00307089948410694	0.000233783671482948	0.0001918924804017	0.000196324772290948	0.000228037268093739
51	-0.00106184023683808	0.00145460054415581	0.00256387047867718	0.00286413512041917	0.000233825712507168	0.000191946283492966	0.000196308313421102	0.000228020525289709
52	-0.00116874382611738	0.00134844344578154	0.00236681599544191	0.0028531893930988	0.000233872589374145	0.00019204742912854	0.000196306349044115	0.0002279918228814
53	-0.00114903491895074	0.00138743691111178	0.00239397352137078	0.00274280240516838	0.000233912685058476	0.0001921086927974	0.000196303639435049	0.000227938663995031
54	-0.00118802441132431	0.00141553795789964	0.00253314971992781	0.00285558025613686	0.000233939031396419	0.000192126465677999	0.000196287647913613	0.00022787630263994
55	-0.00124348667065848	0.00140561074933799	0.00251685743173637	0.00278863189689199	0.000233951681853708	0.000192129672993414	0.000196266905098893	0.000227807730282275
56	-0.0012609343820298	0.00141053873846362	0.00249132542939195	0.00265786853165234	0.000233970101222383	0.000192137335909757	0.0001962520240153	0.000227751149476189
57	-0.00129370193272358	0.00116393357362786	0.00248665499499006	0.00251960154191753	0.000233980753969437	0.000192147411637568	0.000196238639506444	0.000227706611552629
58	-0.00123472284504699	0.00126192150255512	0.00261650878045602	0.00262964703444857	0.000233947146444738	0.00019216060251305	0.000196216197562864	0.000227635689736359
59	-0.00126049198683878	0.00116406131399831	0.00269613373486764	0.0027117639241142	0.000233905506670044	0.000192146211613815	0.000196205972960744	0.000227485214110476
60	-0.00133596461118688	0.00118645573532968	0.00260257626714918	0.00271032334497191	0.000233847918790944	0.000192126317037729	0.000196198387871684	0.000227249444873922
61	-0.00141483629361638	0.00132460702500788	0.00258421680901794	0.00262450841707549	0.00023375578657048	0.000192111699850311	0.000196198858724001	0.000227064072553014
62	-0.00141068290491712	0.00140109638247494	0.00252014995643878	0.0024699746000081	0.000233693441027744	0.000192103315042006	0.000196196146011202	0.000226986051649586
63	-0.00144669497890795	0.00121725007771529	0.00253690159711637	0.00243959736963283	0.000233645098447158	0.000192090426500147	0.000196198578935875	0.000226947825076541
64	-0.00148989551586448	0.0011294272451241	0.00269452050565375	0.0026808272814778	0.000233626696449938	0.000192085528258727	0.000196203688700784	0.000226920742334793
65	-0.00143597631382777	0.00122169962538819	0.00267710088842009	0.00283337631077897	0.000233617452806315	0.000192077394002276	0.000196194704292367	0.000226889270470177
66	-0.0014250533493996	0.00133157178911571	0.00273926985557561	0.0027596216873229	0.000233595362486299	0.000192077897389881	0.000196175847718609	0.000226852094140053
67	-0.00148124026713898	0.00133215595395918	0.002756675911572	0.00256715787845996	0.000233554479014116	0.000192093585112462	0.000196186288741022	0.000226815967237373
68	-0.00142251885395624	0.00121321595906683	0.00267315970921753	0.00258643453867639	0.000233518648295212	0.000192103179415136	0.000196188047717785	0.000226784803367327
69	-0.00125933655111037	0.001076585601978	0.00259443308065244	0.00263549174543347	0.000233490401452907	0.000192098227656233	0.000196202919426067	0.00022676286949528
70	-0.00117813033538853	0.00101836204710554	0.00264699050821616	0.00273911775003654	0.000233471252738827	0.000192091446536692	0.000196194730992697	0.000226753416182984
71	-0.00138449600140397	0.00102208790664485	0.00268530598255556	0.00271849612724883	0.000233463658417432	0.000192100530152714	0.000196196292769517	0.000226754351367771
72	-0.00149628414650813	0.0011382349604655	0.00253503594808867	0.00247924331156992	0.000233462760941152	0.000192106027177205	0.000196216735624562	0.000226756051243392
73	-0.0014141195517912	0.00125911466022698	0.00252084545067488	0.0023383309285658	0.000233459053545147	0.000192082957973054	0.000196243487301835	0.000226737127721227
74	-0.00152244795942098	0.00126171002914797	0.00258725490534315	0.00229462513662349	0.000233457664904901	0.000192046533803925	0.000196279300273652	0.00022670320086368
75	-0.00151787741128579	0.00116205769587581	0.00267052656033499	0.00217328700067282	0.000233453436193468	0.000192025868118765	0.000196265375312773	0.000226712535300302
76	-0.00155970592615691	0.00113273757939794	0.0026487976922787	0.00231959595575801	0.0002334533320046	0.000191996967463012	0.000196270186063268	0.000226718665400921
77	-0.00161719204176635	0.00111162430979845	0.00256048090201291	0.0023733145966236	0.000233467751591849	0.000191980049744185	0.000196296028950326	0.000226713175129078
78	-0.00159206880389658	0.00095489183472087	0.00252722702246877	0.00231155986626165	0.000233480260281587	0.000192010329294401	0.00019630809303611	0.000226700375630491
79	-0.00155232069303384	0.000849761370740742	0.0025416091543595	0.00240172781403873	0.00023348636089111	0.000192054132405889	0.00019631578799893	0.000226691152531789
80	-0.00156525209504193	0.000799470084107574	0.0025024282544625	0.00247589658390725	0.000233480829623798	0.000192071400361244	0.000196306547990114	0.000226683059897497
81	-0.00168202242675983	0.000812656050672546	0.00262729520351748	0.00264342414704668	0.000233467980812994	0.00019210810055744	0.000196305004769377	0.000226672903417398
82	-0.00163801053233607	0.000866669848930364	0.002697072650851	0.00279022401265251	0.000233452574092357	0.000192123334178059	0.000196306618519143	0.000226644575286711
83	-0.00156608353605506	0.000882980620117193	0.00260611507392774	0.00287286764780914	0.000233451760882768	0.000192116369958882	0.000196327078132193	0.000226629102221651
84	-0.00155870241149595	0.000824818946184582	0.00245539292300607	0.00281828293578746	0.000233449152686565	0.000192105482244063	0.000196331315640493	0.000226625834866569
85	-0.00161390620389351	0.000929657259683007	0.00232662666973768	0.00294111146536926	0.000233433030175879	0.000192079619055181	0.000196318235319815	0.000226611714750931
86	-0.00163857997855778	0.000961652362613891	0.00222475665718219	0.00298475946942086	0.000233410545704403	0.000192061069877958	0.000196296692769173	0.000226522977958152
87	-0.00161351971137817	0.00092968026159029	0.00222148005230587	0.00298249167095474	0.00023339615864795	0.000192056765829186	0.000196238406327931	0.000226510163691044
88	-0.0015331513646006	0.000822479296696576	0.00218855254613204	0.00275968073091268	0.000233388246893243	0.000192079659328301	0.000196180952327964	0.000226520132418651
89	-0.0015664865629543	0.000643410009540121	0.00212071580760997	0.00254552651173944	0.000233379105296026	0.000192097217161357	0.000196133198656321	0.000226348136606795
90	-0.00159657610044311	0.000470120400011366	0.002041929306634	0.00260446007046556	0.000233369235562851	0.000192121713482483	0.000196089580507763	0.000226174192489108
91	-0.00150725817877405	0.000469268987775611	0.00197965487525141	0.00244991489928584	0.000233368500227362	0.000192122922786657	0.00019606330306459	0.000226109839625282
92	-0.00137207581301833	0.000539542137270494	0.00194035592750983	0.00235786298363707	0.000233355224024803	0.000192123707275357	0.000196010489908849	0.000226094820106386
93	-0.00145085855300842	0.000504464190501507	0.00199537326560374	0.00250109214717812	0.000233338858836628	0.000192122306917347	0.000195967022224868	0.000226101136875983
94	-0.00151593345698359	0.000491697327495934	0.00199098521077168	0.00293593384807652	0.000233332729385294	0.000192089759082537	0.000195935947984351	0.000226131677726154
95	-0.00142001047951489	0.000465815275662445	0.00190975370433945	0.00281960455243417	0.000233329580579877	0.000192055708343759	0.000195901026810789	0.000226161585619467
96	-0.0012867420633737	0.00049362995621407	0.00192142088005017	0.00271710003151844	0.000233329175152773	0.000192016221468504	0.00019584197647595	0.000226173543137618
97	-0.00119062525287456	0.000624050344946622	0.00191420067366675	0.00263877194759502	0.000233358666375129	0.000191982412466109	0.000195764536000323	0.000226154099237183
98	-0.00117142680521303	0.000670134522450917	0.00200797088129358	0.00247866534493705	0.000233391153852888	0.000191952639981979	0.000195647867199065	0.000226118593534336
99	-0.00121839688110539	0.000630292389017651	0.00196698134663129	0.00247911564242623	0.000233425167234447	0.000191933932668419	0.00019556906328505	0.000226090798933136
100	-0.00127293489453169	0.000564320458184762	0.0018853399079502	0.00243000851248115	0.000233456003920971	0.00019193851475329	0.000195532980979546	0.000226072000167264
101	-0.00137311739681311	0.000481002033165594	0.0019041223070256	0.00239492851005434	0.000233463462334454	0.000191975276979907	0.000195504658863372	0.000226060828436018
102	-0.00148683509517715	0.000429471074483473	0.00179978006918719	0.00244403224454958	0.000233462994886936	0.000192008886268107	0.000195459419326841	0.000226040886584761
103	-0.001439967154483	0.000538695623159305	0.00175880138803223	0.00232058731665872	0.000233463956469962	0.000192028584924735	0.000195392380563021	0.000226007650747381
104	-0.00153273463527057	0.000686918475689987	0.00167675187343275	0.00215126268719165	0.000233468887718087	0.000192018475310875	0.000195290631854532	0.000225908053842314
105	-0.00155313332542638	0.000642319985570196	0.00167564786706214	0.00208494852252415	0.000233466697324551	0.000192018267122656	0.000195218669988122	0.000225885105779969
106	-0.00154186662751323	0.000459753981108896	0.00174379717181935	0.00210439410297315	0.000233449481704451	0.000192030224221741	0.000195188322619281	0.000225850419716921
107	-0.00146375547924367	0.000407842201395118	0.00172041372358035	0.00206457210020687	0.000233412700986916	0.000192034689230072	0.000195181478007141	0.000225815471105588
108	-0.00128897149129094	0.000424789109396136	0.00176183019386762	0.00205385132477918	0.000233400730971936	0.00019203828582421	0.000195175335050691	0.000225782414196394
109	-0.0012041811875449	0.000450455926233549	0.00161026165654726	0.0018942368449297	0.000233376407418816	0.00019205358595101	0.000195168903187055	0.00022572559850266
110	-0.0011850135338448	0.000516575275767088	0.00155774514419439	0.00169609809123469	0.000233346949374499	0.000192082336638732	0.000195138155852106	0.000225646432169636
111	-0.00134681043569521	0.000531645236832529	0.00154460897789202	0.00155493558561966	0.000233324594645737	0.000192137810421334	0.0001951222407957	0.000225531262888861
112	-0.00139245575082216	0.000522189762440365	0.00157385940454296	0.0017008985912938	0.000233325261158042	0.000192218969994952	0.000195106148311354	0.000225375308566165
113	-0.00139034881350542	0.000601110584826681	0.00155366254818409	0.00173312118198928	0.000233300236845886	0.000192328894368943	0.000195072494681922	0.000225239927502102
114	-0.00144791641726795	0.000641614564352653	0.00161160542856875	0.00161948401674964	0.00023317540216389	0.000192471260465263	0.00019506842548988	0.000225128680149128
115	-0.00155785740913202	0.000674842862261553	0.00164859630997051	0.00170641435653962	0.000233022579517956	0.00019265374575825	0.000195082417820978	0.000225030006063484
116	-0.00163735525124612	0.000752297533011999	0.00183028458751512	0.00176723896373102	0.000232895436758078	0.000192867687647731	0.000195084001311252	0.000224806060748744
117	-0.00168675489392545	0.00066074481519009	0.00187707040927247	0.00183028335377591	0.000232812019309361	0.000193067048922457	0.000195075567272969	0.000224524367092123
118	-0.00158511916242489	0.000674710771062228	0.00186201786133528	0.0020001255364908	0.000232778978023728	0.000193256623513497	0.000195061266603975	0.000224323721978771
119	-0.00149400714056084	0.000695290411449114	0.00184754107413223	0.00200485196146742	0.000232755800961102	0.000193431425023945	0.000195016888736775	0.000224161050807223
120	-0.00144770133354818	0.000675496124285796	0.00175719171320784	0.00191674900059765	0.000232721951279621	0.000193587096541672	0.000194980196180801	0.000224018125485335
121	-0.00140877056869537	0.00067407460781573	0.00182394366156485	0.00167848600117847	0.000232642781385899	0.000193707306234111	0.000194955243939243	0.000223932981259888
122	-0.00145839547668521	0.000631030528291581	0.00197669296127345	0.00166735335105803	0.000232536188968738	0.000193797301517536	0.000194932954026294	0.000223892721567127
123	-0.00154205659673158	0.000458036182197256	0.00209284788284842	0.00193361763151755	0.000232436896159754	0.000193877841615497	0.000194888290817668	0.000223869963114055
124	-0.00146640270343535	0.000323519750696486	0.00198840431486168	0.00197500361730153	0.00023232477115905	0.000193946303822868	0.000194819938537563	0.000223764868690507
125	-0.00139683053722061	0.000313744915492917	0.0017413443727776	0.00206460442811039	0.000232228862402822	0.000194007089574011	0.00019475519772807	0.000223679093792405
126	-0.0013775296303128	0.000230624746571908	0.00162374631577424	0.00214193725484758	0.000232170468049874	0.000194054239661494	0.000194717977083339	0.000223653098017659
127	-0.00127514216373671	0.000462768613185936	0.00165243705134587	0.00197966930088109	0.000232118481216551	0.000194083651243701	0.00019467515113299	0.000223663574974359
128	-0.0013429491395573	0.000513882981015638	0.00159016952830595	0.00172933740674856	0.000232069920373448	0.000194108434144501	0.000194646919720051	0.000223674219171475
129	-0.00138285554610492	0.000505940852712234	0.00149868107633857	0.00151121348019361	0.000232055387623019	0.000194132517373254	0.000194632020487172	0.000223654904143425
130	-0.00140995062324479	0.000581326889414244	0.00147031353715763	0.0014770833876699	0.000231994685582291	0.000194148956936132	0.000194622097268363	0.000223648841646428
131	-0.00144447367427712	0.000489230077251451	0.00149918948299219	0.00150838548219947	0.000231921186663125	0.000194169722841413	0.000194602660547652	0.000223626229212706
132	-0.00145933258700752	0.000377327673236796	0.00153973529708721	0.00150107845336556	0.000231852136810371	0.000194196771375996	0.000194593466742811	0.000223609316476303
133	-0.00137746155209365	0.000564400522848798	0.00175522344881934	0.00134246010671348	0.000231792919559931	0.0001942173721262	0.000194585392388978	0.000223593395128887
134	-0.00125929150969744	0.000574763183701257	0.00184658087708858	0.00132179606879573	0.000231750446716047	0.0001942358142061	0.000194588523726079	0.000223577241227722
135	-0.00118646774025892	0.000488588524619317	0.00189848082314337	0.00141331695021691	0.000231714625623006	0.000194255065635149	0.000194595955449117	0.000223574756212146
136	-0.00139725698027642	0.000486520755219131	0.00185352332629072	0.00158225546834285	0.000231696396851424	0.000194269786982629	0.000194586937074539	0.000223559563403161
137	-0.0015781739745019	0.000704937451405957	0.00196125559873107	0.00174900830556254	0.000231712844021423	0.000194278363807981	0.000194549520506272	0.00022352006790219
138	-0.00160159574829395	0.000681828410284403	0.00209824248892593	0.00173019470242337	0.000231726782576715	0.000194281241752069	0.00019452290533338	0.000223488744332147
139	-0.00169591298310802	0.000568983612251234	0.00218930854887834	0.00183128561365761	0.000231760135079025	0.000194289523393372	0.000194501089625523	0.000223427610343546
140	-0.00164574650163672	0.000519841551440585	0.00208597368145627	0.001860467874316	0.000231771484862157	0.000194303269388518	0.000194493033790572	0.000223407494173938
141	-0.00151819573424369	0.000450325183361464	0.00188219608866889	0.00185068088479564	0.000231813153475083	0.000194293955817222	0.000194492699093124	0.000223369992367038
142	-0.00140028060410232	0.000356752573725584	0.00159927960135772	0.00166518006830024	0.000231864299486511	0.000194268257140005	0.000194493273205387	0.000223335670500219
143	-0.00136043359240162	0.000405894684828833	0.00144020235449525	0.00147846172397922	0.00023190613492148	0.000194248269452631	0.000194473594079626	0.000223296955654165
144	-0.00138204470901575	0.000537124120177691	0.00151747417741121	0.00154694858103119	0.000231953688480451	0.000194259439664662	0.000194465881097914	0.000223255963933863
145	-0.00140838768774215	0.000756688155911211	0.00147025150099728	0.00150844245890761	0.000231994538045305	0.00019426388614298	0.000194481121647455	0.000223223989866131
146	-0.00137367907163449	0.000891824701134265	0.00152338837975977	0.00137893487652068	0.000232028598518096	0.000194266271205214	0.000194499585436036	0.0002231679956471
147	-0.00127618369055768	0.000927142953275203	0.00151429631422607	0.00140055659880461	0.000232064648988808	0.000194265836238736	0.000194518431367825	0.000223123532174788
148	-0.00110227054135855	0.000917129957028238	0.00148384983231565	0.00146939432324395	0.000232098523212441	0.000194262108210642	0.00019454584458341	0.000223105478089848
149	-0.00109637332859014	0.000827859048916003	0.00144780947333366	0.00138319440627391	0.000232111899973778	0.000194218449361376	0.000194571412457937	0.000223098309211662
150	-0.00119268669065752	0.000756632736337958	0.0014825215187245	0.00134010123209983	0.000232126019124422	0.000194188913369715	0.000194601930276687	0.000223097758617208
151	-0.00106026113817389	0.000740080729803338	0.0016886451595128	0.00131425285905467	0.000232124669178093	0.000194162250371868	0.000194619376741638	0.000223091235272082
152	-0.00107299366336171	0.000524525149273025	0.00174396057703996	0.00133281972958217	0.000232103207166545	0.000194154754190653	0.000194635395020572	0.000223093961463372
153	-0.00113759981921015	0.00045189422844349	0.00176550688607828	0.00126769772904858	0.000232061963820417	0.000194155004684521	0.000194629284581584	0.000223012324235548
154	-0.00120280628499991	0.000473974136322183	0.00176878293146238	0.00130158664545694	0.000232038709539371	0.000194158627009384	0.000194627277953494	0.000222901208619687
155	-0.00118881530232296	0.000484807548275408	0.00171049759556295	0.00133608958849723	0.000232039623211788	0.000194170933481273	0.000194625359702081	0.000222917734883473
156	-0.00105975424709993	0.000538227753366962	0.00172897305458841	0.00136413249770318	0.000232033194460683	0.000194183322689966	0.000194627792392273	0.000222920741315143
157	-0.00117374544248425	0.00050917603315017	0.0018276714639821	0.00121041284572745	0.000232014851247471	0.00019418444444753	0.000194614985476512	0.000222751018504393
158	-0.00136868305582752	0.000435700093599835	0.00170644613675691	0.00148200811739378	0.000232028057682981	0.000194175088021623	0.000194595563484991	0.000222395414546252
159	-0.00137835834453617	0.000431234632449144	0.00161510326651229	0.00151073623208974	0.000232033045215304	0.000194169320180376	0.000194590442753045	0.000222200680722459
160	-0.00125660319763941	0.000332472694121341	0.00148362177277495	0.00142028437218621	0.000232067067218128	0.000194183498386903	0.000194592814098316	0.000222076971300431
161	-0.00127805131287675	0.000301959020603622	0.0013179549167616	0.00137910593169358	0.00023209162208581	0.000194210401329245	0.000194587177694986	0.000221953827067973
162	-0.00130016514748298	0.000229206949169281	0.00127852382477782	0.00148507771980222	0.000232066757222755	0.000194205782876689	0.000194586128227511	0.000221775878673561
163	-0.00118533310004862	0.000179423841711469	0.00135836039428092	0.00163020036525578	0.000232035356437879	0.00019420065537256	0.00019460088066481	0.000221424955869919
164	-0.00129456093459896	0.000199626746135096	0.00139846934275019	0.0018244118287689	0.000232021507123642	0.000194158480992599	0.000194629646403835	0.000221037140555038
165	-0.00140200016114463	0.000413161504558247	0.00142637548118546	0.00182083373191264	0.000231990534588243	0.000194149173077781	0.000194640556679018	0.000220794624184318
166	-0.00143393820823906	0.000453230230647156	0.00137451275062647	0.00157241806434247	0.000231960267241919	0.000194155677761583	0.000194631510099457	0.000220622602745848
167	-0.00139530965032088	0.000457587042024839	0.00133688748636649	0.0014936072376	0.000231899482780832	0.000194166129245545	0.000194606122677392	0.000220514839053918
168	-0.00147939360441079	0.000497613518785645	0.00139805078792714	0.00146810736347556	0.000231852980485714	0.00019416618791154	0.000194589292682502	0.000220461926572155
169	-0.00148883864618057	0.000506320334712666	0.0018011610257893	0.00147034563452838	0.000231828978163456	0.000194153738762636	0.000194591467836996	0.000220395522971553
170	-0.00144150667666063	0.000510697088831616	0.00168315474734318	0.00134818514374248	0.000231759783308684	0.000194127712381992	0.000194600015244311	0.000220234806734871
171	-0.00145615965390285	0.000533584135261358	0.00152446176457821	0.00135115570865569	0.000231584063025471	0.000194101163830135	0.000194608310639472	0.000220076195544314
172	-0.00158862534023625	0.000644812642746959	0.00143609160285299	0.00130370333979706	0.000231376810442233	0.000194064829693089	0.000194613809638343	0.000219871997997404
173	-0.00134738877357334	0.000801514488610281	0.00143381824072674	0.00145684416947288	0.000231222620662167	0.000194037439757229	0.000194596117449077	0.000219798911015724
174	-0.00117026557487995	0.000659746675029655	0.00133270156469815	0.00153228317936851	0.00023112500680724	0.000194017250755959	0.000194605663618272	0.000219671416839901
175	-0.00111472712335593	0.000401722491493191	0.00128159466895843	0.0014611278413056	0.000231027137457287	0.000193987281666069	0.000194624068638627	0.000219198201431889
176	-0.00124424048773949	0.000345492736821413	0.00131335853000052	0.00132380874923507	0.000230920510749296	0.000193966743345818	0.000194618535833914	0.000218523019246366
177	-0.00148846234124941	0.000369404527963613	0.00118683181311514	0.00120063497120523	0.000230849499268132	0.000193945235300932	0.00019458592613674	0.000218119879659404
178	-0.00146646792075408	0.00031569787204865	0.00113384058253148	0.00107748833443594	0.000230802688828485	0.000193927430629536	0.000194546238186422	0.000217747042524423
179	-0.00145526722678741	0.000190671006940288	0.00122990825376979	0.00110396009492648	0.000230728974851511	0.00019391663781263	0.000194509911738809	0.000217454944587854
180	-0.00141397203113682	9.42522061126096e-05	0.00128670593003452	0.00113378940767064	0.000230602465712078	0.000193873456113287	0.000194453117037898	0.000217227381169618
181	-0.00152087373258318	3.35595729484232e-05	0.00141619042467111	0.00109042830204341	0.000230459285283105	0.000193837323574608	0.000194411558620678	0.000217042425443836
182	-0.00142806719232065	8.06354573657181e-05	0.00146121939149009	0.000978568562554925	0.000230303216984371	0.000193836250546687	0.000194365383224428	0.000216855071462818
183	-0.00135032608865756	7.48850044423766e-05	0.00137656873665092	0.000894638326158538	0.000230181961467035	0.000193838984398706	0.000194312795525183	0.000216715726570946
184	-0.0010915295457355	8.68527593243516e-05	0.00136384509303225	0.000917721047537099	0.000230082311495061	0.000193810248822076	0.000194252462566535	0.000216554201444084
185	-0.000912634520015689	3.61308303311755e-05	0.00148595616229384	0.000947795786739844	0.000229980154964334	0.000193764408066482	0.000194145170352412	0.000216360339215003
186	-0.00107072795012161	0.000123401902062447	0.00154074525116951	0.00095269344367209	0.000229846456822699	0.000193704542119381	0.000194019033881365	0.000216229217767761
187	-0.00112597915589333	0.000202147703430524	0.00159161365523547	0.00119990662423513	0.000229734413312976	0.000193668382938083	0.000193868545344543	0.000216094660679902
188	-0.00118371368269449	0.00014288147461455	0.00158082224990154	0.00114206476062565	0.000229609382479136	0.000193675620600209	0.000193744300106002	0.000215915020568751
189	-0.0013570445866678	0.000111687103416019	0.00163203053494019	0.00111470392811716	0.000229466245355807	0.000193657595177805	0.000193677460268625	0.000215595417084394
190	-0.00137018767004738	0.000192852219902719	0.0016169382349958	0.0011196928613359	0.000229335312757912	0.000193587220771388	0.000193635827975105	0.00021539613888565
191	-0.00155584595787433	0.000134263105393743	0.00152629969799155	0.0010728053038848	0.000229268009185865	0.000193474833177359	0.000193595391733905	0.000215241998713748
192	-0.00162259186937766	6.13118188874659e-05	0.00146990750493703	0.00114923286489679	0.000229210399398106	0.000193392757169427	0.000193544413654054	0.000214956107005108
193	-0.00177312638596307	-5.78287681241415e-05	0.00142279860612697	0.00107188424320932	0.000229093569932149	0.000193319978211532	0.000193495364513438	0.000214745933551791
194	-0.00173747663632848	-0.000108683673582726	0.00139358375615167	0.00120081844797073	0.000228964828335639	0.000193217563438479	0.000193448679827086	0.000214520821409902
195	-0.00165314159484847	-5.98310119828373e-05	0.00145062656346304	0.00122590959171962	0.000228821507947242	0.000193085312494954	0.000193387918143822	0.000214226967380501
196	-0.00159218266909802	-4.54924308832416e-05	0.00146419533524559	0.00115505299644046	0.000228654640130414	0.000192935883198004	0.000193269669710321	0.000213574458614062
197	-0.00148735812811621	-0.000121652746455296	0.00129568445785942	0.00121108347017644	0.000228485839211422	0.000192722749013444	0.000193075223358223	0.000212851231160921
198	-0.0013800300036556	-0.00019038183969726	0.00118293242640753	0.00121002103778469	0.000228326776233114	0.000192468204546338	0.000192740647368796	0.000212252350474973
199	-0.00145746406186579	-0.000268693331292934	0.00110824545532169	0.00121570371555019	0.000228139160420571	0.000192164303252068	0.000192300434734511	0.00021166507278455
200	-0.00128821296220652	-0.000171373401859731	0.00125503807839509	0.00113114203550038	0.00022781041312687	0.000191699047203573	0.00019166707011649	0.000210685478731885
